Random waveform, supplied seed
Total number of intervals = 360 (7434, 67201, 85927, 63953, 31595, 87879, 7287, 62295, 6561, 22532, 60653, 59076, 60154, 22964, 8172, 27652, 37594, 24367, 33771, 84944, 85666, 51918, 34406, 28664, 38289, 20658, 13840, 93419, 98284, 71313, 42089, 46458, 30755, 42889, 93552, 65694, 29574, 51355, 67361, 16287, 81508, 87619, 99068, 51267, 11822, 97494, 97350, 55460, 85984, 82043, 52873, 13911, 49984, 9274, 27187, 18735, 86505, 93039, 75999, 32324, 84255, 81759, 37291, 53818, 30297, 31569, 38927, 10652, 98119, 48176, 34929, 69735, 20753, 84642, 42333, 61587, 77998, 97625, 23781, 66723, 31016, 47394, 95335, 5252, 65908, 16889, 42912, 99898, 26385, 22616, 50605, 90283, 26273, 48521, 34058, 75648, 19482, 15054, 75754, 5187, 17656, 96343, 36665, 85269, 31525, 61798, 12253, 25710, 79937, 7271, 85861, 91467, 72217, 31080, 76878, 84584, 12492, 57106, 96245, 6791, 90728, 5151, 82969, 42635, 99337, 95192, 69200, 49459, 29055, 64324, 5705, 84816, 23714, 74116, 19948, 44213, 19454, 7190, 47657, 44399, 6481, 5807, 83137, 9580, 37385, 33706, 35204, 50438, 48878, 42682, 27416, 64424, 64364, 5481, 26227, 26586, 86286, 24452, 26832, 29795, 46224, 84587, 63389, 46953, 90536, 12508, 38491, 97806, 11813, 39665, 53571, 63215, 78767, 8615, 67903, 16398, 53434, 38068, 9130, 69227, 37496, 83925, 51037, 33690, 51474, 73708, 98618, 81977, 91567, 48236, 91726, 52458, 70467, 71151, 65016, 42057, 78821, 60720, 39911, 10628, 73736, 7334, 91868, 76670, 10405, 26019, 55530, 29615, 66057, 55281, 21177, 88239, 70227, 23421, 97104, 6235, 58045, 23729, 40897, 53312, 87262, 81836, 92274, 47252, 75747, 80994, 98224, 7737, 37514, 10640, 90490, 92514, 89245, 73823, 46565, 21419, 66915, 31667, 72255, 99535, 9226, 67844, 71413, 97328, 55113, 53743, 15253, 90605, 25767, 93458, 95080, 88399, 95681, 33003, 98809, 64610, 51183, 20194, 7602, 46677, 5577, 23035, 57516, 62851, 38431, 25729, 19443, 19461, 42341, 5691, 40223, 29941, 41162, 43863, 20318, 93421, 48578, 40595, 17677, 78948, 9703, 9686, 7968, 15830, 8192, 79410, 76582, 54634, 72177, 15101, 8167, 44130, 53047, 97171, 81360, 77277, 38294, 11165, 74155, 12255, 52404, 17057, 6005, 85707, 79742, 58322, 26212, 69487, 29507, 51412, 67374, 55125, 53048, 12192, 36138, 60799, 36368, 39729, 95693, 40999, 65037, 12633, 50117, 62765, 12379, 49369, 39111, 52692, 24539, 61591, 47864, 16479, 75268, 8714, 13002, 77147, 43518, 27206, 55859, 37448, 45026, 99974, 64632, 49061, 80418, 16471, 35694, 13935, 79838, 48842, 17708, 31401, 62091, 87121, 81929, 42013, 90709, 67578, 58116, 68886)
Average QPS expected = 50334
Timestamp start: 1684892836597
Timestamp end: 1684894637082

#type       avg     std     min      p5     p10     p50     p67     p75     p80     p85     p90     p95     p99    p999   p9999      QPS   target
read      464.4   550.0   187.4   261.8   287.0   426.0   479.0   506.0   526.1   547.1   580.9   637.0  1360.6  4746.2 31678.0   7405.0     7434
read      375.1   421.1   160.7   216.4   227.9   314.5   378.8   422.8   458.7   504.2   559.9   631.6   857.4  5563.5 15450.0  66971.6    67201
read      359.1   395.6   160.7   216.4   227.9   310.5   362.9   396.2   422.9   457.4   504.6   579.9   840.2  4959.1 12210.9  86000.0    85927
read      376.4   500.6   160.7   216.9   228.3   316.2   382.6   427.0   465.5   514.4   571.5   640.4   922.4  4046.0 11293.9  64006.8    63953
read      422.9   447.1   173.5   219.9   232.4   350.1   464.9   522.1   555.7   590.5   632.7   693.0  1187.9  4538.1 17855.4  31596.6    31595
read      361.5   521.2   160.7   217.0   228.3   310.9   363.0   395.3   421.4   455.2   502.2   577.7   877.1  5285.3 15887.1  87814.8    87879
read      586.5  1459.5   173.5   251.4   277.1   428.2   488.5   519.7   541.2   569.4   608.9   705.3  4988.1 30189.5 39974.9   7282.6     7287
read      450.7   560.4   160.7   220.7   234.4   342.7   425.6   486.4   535.4   596.6   686.9   964.5  1811.4  6803.7 24807.9  62114.2    62295
read      527.7  1277.3   187.4   257.6   281.9   420.0   472.8   501.4   522.3   545.6   580.0   641.5  3091.5 30373.8 37541.7   6527.4     6561
read      449.1   517.7   173.5   224.0   238.8   392.3   497.4   538.7   565.5   594.0   632.7   700.9  1388.4  7128.0 19592.8  22379.0    22532
read      434.4   672.8   160.7   221.1   234.5   337.2   413.5   465.5   508.4   559.5   623.8   736.1  1933.7  8361.6 31599.7  60861.0    60653
read      384.5   421.7   160.7   215.6   227.4   318.4   391.2   440.6   483.3   532.3   587.5   658.2   933.2  5376.8 14785.7  59017.0    59076
read      388.3   540.6   160.7   214.8   226.7   317.4   389.3   437.2   479.5   528.4   581.7   651.8   982.6  5934.7 30112.7  60018.8    60154
read      435.9   362.5   160.7   222.9   237.9   387.8   497.3   540.0   566.9   594.4   629.1   683.2  1090.5  4560.3 10501.0  22976.2    22964
read      524.9  1088.4   173.5   244.6   267.8   424.5   483.0   512.4   533.1   556.0   590.7   663.3  3330.5 13803.7 36508.1   8131.8     8172
read      441.5   446.9   160.7   221.5   235.4   373.2   490.0   539.7   571.0   604.5   642.8   706.4  1241.6  5866.1 10975.2  27586.6    27652
read      418.9   418.2   160.7   219.6   232.1   348.9   454.9   521.2   561.0   599.8   642.0   704.9   967.4  5549.3 14728.2  37621.6    37594
read      433.7   722.5   173.5   221.5   235.5   378.1   492.8   537.4   564.7   592.0   628.5   685.5  1060.8  4454.6 11002.8  24404.8    24367
read      427.5   445.8   160.7   220.0   232.8   351.7   465.5   527.7   563.9   600.2   641.1   702.9  1152.6  5186.9 12022.5  33867.4    33771
read      377.4   409.8   160.7   220.2   232.7   326.1   385.8   422.1   450.6   486.2   534.2   611.7   975.4  5035.9 12636.6  84918.6    84944
read      372.0   425.2   160.7   217.8   229.3   317.2   374.4   411.2   440.1   477.6   527.3   607.2   975.5  5208.9 13647.8  85664.6    85666
read      413.6   398.0   173.5   221.2   234.6   344.2   433.4   492.1   534.4   580.6   632.7   711.2  1099.8  5360.0  9447.6  52182.0    51918
read      450.5   527.0   173.5   222.5   237.1   372.0   484.4   541.9   580.1   621.8   671.3   749.4  1382.3  6664.5 25234.1  34445.8    34406
read      457.1   484.7   173.5   224.7   239.7   386.4   505.2   557.5   590.9   628.2   675.5   752.1  1484.7  5474.2 13938.2  28609.6    28664
read      445.3   606.3   160.7   221.3   234.7   357.8   468.2   534.3   578.4   623.0   672.9   747.3  1460.2  6041.7 27328.5  38152.8    38289
read      469.0   612.1   160.7   226.1   241.7   405.1   505.3   547.4   574.3   603.7   639.8   712.6  2050.8  7915.9 30512.1  20703.6    20658
read      442.0   366.4   173.5   233.2   250.1   415.9   485.0   515.7   536.0   559.2   590.0   643.1  1320.6  5309.2 12216.9  13844.2    13840
read      374.8   384.8   160.7   220.7   233.7   327.8   384.1   417.8   443.7   476.0   521.4   593.3   929.3  4951.5 12596.2  93392.4    93419
read      375.0   379.7   160.7   222.8   236.9   333.1   387.5   419.9   444.7   475.5   518.1   586.8   837.4  5578.0 12608.4  98498.8    98284
read      391.7   502.7   160.7   219.4   231.5   324.4   390.6   431.9   466.5   509.1   565.1   640.7  1071.9  6186.9 18043.9  71328.4    71313
read      394.9   324.3   160.7   213.8   226.0   328.0   423.6   490.9   532.9   574.9   620.3   679.8   920.2  3743.6  9466.7  41982.2    42089
read      395.8   364.3   160.7   215.1   227.3   327.0   412.8   479.4   526.9   574.4   623.7   686.9  1007.2  3614.2 10202.0  46268.6    46458
read      410.6   299.3   160.7   218.3   230.3   348.2   461.6   517.8   550.7   584.7   623.7   680.2   921.8  3888.8  9656.9  30709.4    30755
read      402.4   391.2   160.7   217.3   229.2   332.1   420.4   482.6   524.7   568.3   617.2   682.6  1024.4  5080.9 12487.4  42955.2    42889
read      365.4   319.6   160.7   219.5   231.8   321.6   374.8   407.4   432.6   465.1   507.8   580.7   872.3  4384.5  9256.4  93395.8    93552
read      379.1   375.1   160.7   218.3   229.8   321.0   387.9   431.1   467.1   511.1   567.3   642.3   965.6  5002.7  9384.6  65857.8    65694
read      429.5   493.6   173.5   218.9   231.3   352.8   477.3   532.6   565.3   598.4   635.9   693.8  1241.1  6091.7 28078.7  29477.0    29574
read      397.0   380.2   160.7   218.1   229.7   329.1   412.2   469.9   516.1   565.2   617.9   683.3   930.8  4218.5 12601.4  51314.6    51355
read      373.0   364.6   160.7   216.1   227.9   315.1   380.1   423.8   460.6   507.2   564.6   638.6   876.7  4483.9 14119.4  67389.6    67361
read      436.9   434.8   160.7   226.9   242.6   411.1   490.7   523.7   544.7   570.8   601.6   654.8  1048.4  4320.4 18203.3  16203.2    16287
read      359.7   391.4   160.7   215.0   226.7   308.1   362.4   397.6   426.3   464.1   514.4   591.5   838.3  5260.1 14621.0  81570.2    81508
read      350.6   333.1   160.7   214.1   225.8   305.7   356.7   389.4   415.1   449.0   496.8   569.3   796.2  5137.5 13000.3  87582.4    87619
read      365.3   465.9   160.7   218.8   230.4   318.6   370.8   401.8   426.5   457.6   499.8   570.0   833.6  6278.1 19943.3  98911.4    99068
read      398.6   428.4   160.7   215.8   227.9   325.4   405.7   466.0   514.0   563.3   616.4   682.9  1020.6  5380.3 15646.0  51179.2    51267
read      501.4   931.8   173.5   229.5   248.0   427.5   497.9   530.8   552.9   581.4   618.0   681.3  2627.4 14562.8 35750.0  11780.0    11822
read      399.2   514.6   160.7   219.8   232.5   328.2   382.5   417.1   445.9   483.9   538.1   647.6  1655.9  5997.5 28294.1  97428.0    97494
read      362.3   408.8   160.7   218.6   230.2   318.0   370.5   401.7   426.9   458.9   501.3   570.5   815.6  5335.5 10296.8  97572.6    97350
read      398.0   475.5   160.7   218.1   230.0   327.8   404.2   456.7   499.2   547.2   602.1   672.5   996.5  5738.9 15852.7  55385.6    55460
read      373.0   527.0   160.7   216.5   228.1   314.5   370.0   404.0   431.7   467.3   515.0   590.9   929.7  6433.8 30536.4  85910.0    85984
read      370.4   423.5   160.7   217.3   229.0   315.9   374.0   410.8   439.4   477.8   529.2   608.2   961.7  5416.1 14164.5  82070.0    82043
read      394.5   380.9   160.7   218.7   230.7   330.0   408.3   463.3   508.6   557.3   612.3   681.7   967.8  4017.9 12634.3  52945.2    52873
read      470.8   752.8   173.5   232.1   248.7   416.9   486.4   517.5   537.9   562.0   592.0   654.8  1996.0  9236.4 31640.4  13939.8    13911
read      396.7   373.3   160.7   217.3   229.2   330.7   411.9   470.7   515.8   563.1   613.5   679.7   976.5  4506.1 13442.5  49883.4    49984
read      534.3  1117.5   187.4   240.3   261.2   428.5   492.4   523.8   545.2   573.6   610.7   682.4  4094.4 19289.9 35367.8   9312.0     9274
read      451.3   661.0   173.5   221.4   235.8   368.4   488.6   539.1   569.6   601.9   639.5   706.6  1672.8  9938.0 31053.3  27200.8    27187
read      440.7   337.3   173.5   226.3   242.3   410.9   504.1   541.6   565.9   590.6   625.9   681.1  1034.8  5132.4 11212.2  18745.4    18735
read      366.0   372.6   160.7   218.7   230.2   317.9   373.6   408.1   435.5   471.0   520.0   595.5   899.9  4288.4 10117.6  86475.4    86505
read      359.0   383.9   160.7   217.4   229.0   313.2   365.5   397.5   422.7   454.8   498.6   570.4   830.7  5043.6 11614.3  93113.6    93039
read      366.0   328.8   160.7   215.4   227.2   311.6   368.6   404.7   435.9   478.1   535.1   615.9  1013.4  4822.6  8513.0  76221.8    75999
read      434.7   613.3   160.7   218.1   230.1   346.0   463.4   523.7   558.8   594.0   635.5   696.5  1638.8  7358.2 31370.3  32284.4    32324
read      380.4   465.9   160.7   219.8   232.4   319.9   376.4   412.8   440.8   478.2   529.8   611.6  1159.7  5368.4 15837.1  84218.2    84255
read      386.4   486.0   160.7   221.5   235.0   327.3   387.4   424.5   453.8   490.5   539.0   617.8  1033.1  6084.7 25874.5  81676.4    81759
read      416.0   348.8   160.7   219.7   232.4   345.9   449.6   516.0   555.9   597.0   640.0   698.0  1241.4  3785.5 11403.3  37254.8    37291
read      392.5   431.0   160.7   217.3   229.0   323.0   398.8   455.0   502.2   553.9   608.2   677.1   991.8  5124.9 19236.9  53658.4    53818
read      412.8   322.7   173.5   218.7   230.8   350.1   469.6   522.9   554.4   586.2   624.8   680.2   979.8  3441.9 12094.9  30296.6    30297
read      416.5   447.9   160.7   217.0   229.2   345.2   461.2   518.7   551.7   585.3   624.0   680.2  1009.3  5217.0 12869.3  31556.0    31569
read      420.8   466.8   173.5   218.4   230.3   341.8   445.0   515.2   558.4   599.9   642.5   707.3  1134.5  5681.3 13843.7  38894.6    38927
read      476.2   610.9   160.7   238.2   257.8   428.9   493.6   524.7   545.6   574.1   612.0   681.2  1953.8  5982.0 30002.3  10606.4    10652
read      390.9   450.0   160.7   220.2   233.1   329.1   384.0   418.3   445.6   481.2   531.8   626.4  1627.3  5334.5 13838.8  98086.4    98119
read      403.6   466.0   160.7   218.3   230.0   332.5   416.6   479.3   525.5   573.6   624.0   687.6   935.8  5512.1 28583.9  48118.2    48176
read      416.9   452.1   160.7   216.9   229.0   341.1   454.7   520.4   557.6   595.0   634.0   691.5  1059.4  5369.4 18124.1  34857.2    34929
read      381.3   467.0   160.7   218.2   229.9   320.8   386.3   427.9   462.1   505.2   560.2   633.4   933.1  5470.1 24610.4  69582.0    69735
read      438.5   483.8   173.5   223.9   238.6   394.5   496.1   535.7   561.0   588.0   622.1   675.6  1122.5  5207.6 29279.4  20749.2    20753
read      374.7   521.4   160.7   218.7   230.4   319.3   376.6   412.1   439.9   476.0   523.7   596.7   911.7  5604.1 22023.6  85000.0    84642
read      406.8   368.7   160.7   218.0   229.6   336.6   428.2   496.6   540.7   585.2   632.7   693.8   938.1  4935.6 11938.6  42277.6    42333
read      379.6   367.9   160.7   216.8   228.5   319.3   389.9   436.9   478.6   526.9   583.0   655.9   907.2  4544.3 12032.6  61539.0    61587
read      401.7   508.4   160.7   221.2   234.5   330.9   393.2   432.5   465.7   507.2   565.4   664.4  1493.9  6310.4 17535.8  77770.6    77998
read      394.6   528.7   160.7   222.4   236.5   334.0   390.5   424.2   450.6   483.9   530.5   615.2  1368.5  7110.4 26514.2  97939.6    97625
read      445.5   290.4   160.7   226.4   242.2   398.0   516.7   563.0   592.2   624.2   662.4   721.7  1048.2  3825.9 10265.9  23747.8    23781
read      399.2   454.9   160.7   221.0   234.0   332.5   403.0   450.0   487.8   533.2   591.1   679.0  1116.9  5191.4 17426.7  66689.6    66723
read      427.7   296.2   173.5   222.1   236.1   362.6   483.8   545.1   580.2   616.0   656.3   716.6  1044.7  3787.5  9908.3  31078.2    31016
read      408.8   417.4   160.7   219.3   231.4   337.5   422.8   485.6   532.2   581.2   631.5   698.0   998.5  5518.1 12522.3  47403.6    47394
read      373.5   365.9   160.7   221.9   235.6   329.6   385.3   418.9   444.6   477.0   521.0   591.7   847.2  5004.7 10198.4  95450.4    95335
read      587.3  1753.9   187.4   265.6   291.9   409.4   458.0   485.8   506.0   532.4   567.5   641.8  4578.0 32176.7 37847.4   5265.4     5252
read      413.8   667.0   160.7   220.9   234.0   335.6   406.7   454.0   492.2   539.2   598.6   689.6  1458.3  7262.1 28665.8  65591.6    65908
read      462.3   619.5   173.5   229.9   246.5   425.6   511.8   546.4   570.3   595.0   628.6   682.9  1180.4  7233.6 31490.1  16877.4    16889
read      419.0   449.4   160.7   220.7   233.9   345.5   437.0   503.4   548.3   594.1   643.3   709.8  1069.9  5339.8 13936.4  42885.6    42912
read      369.9   415.9   160.7   221.3   234.4   325.1   378.4   410.9   435.3   466.3   506.9   576.1   808.5  5848.2 13807.6  99916.4    99898
read      432.7   385.0   160.7   222.9   237.5   374.7   494.0   541.5   571.3   603.0   638.8   691.9  1012.0  4128.8 12864.6  26321.4    26385
read      456.6   556.7   160.7   225.9   241.7   398.6   508.6   550.9   579.5   610.2   643.7   699.7  1191.6  6743.8 29775.6  22434.4    22616
read      413.0   493.0   160.7   219.7   232.3   338.7   424.2   483.0   527.1   575.8   629.5   701.3  1166.7  5614.7 26285.4  50644.4    50605
read      377.0   393.2   160.7   221.6   235.1   329.2   387.9   423.4   450.8   484.8   530.6   603.3   864.6  5931.1 12681.5  90122.6    90283
read      440.7   459.7   160.7   223.1   237.6   375.5   497.5   546.1   576.4   608.4   643.5   699.4  1068.6  6510.5 16646.3  26266.4    26273
read      408.6   348.5   160.7   220.2   232.8   340.3   429.6   491.2   536.5   584.4   636.3   706.3   996.0  4584.8 12529.6  48496.6    48521
read      426.9   375.9   160.7   221.5   235.3   360.1   472.2   533.5   571.3   609.8   651.9   711.4  1049.3  4727.8  9872.6  34006.6    34058
read      381.6   405.3   160.7   220.0   232.4   324.9   389.8   430.1   462.7   502.3   553.6   632.9   953.1  5423.7 14189.4  75846.8    75648
read      463.6   583.2   173.5   227.7   244.1   412.2   510.8   547.7   573.8   601.9   636.0   691.4  1501.3  8608.6 30773.8  19437.0    19482
read      450.4   488.3   173.5   233.3   249.2   422.7   497.0   528.0   547.3   572.3   601.2   652.2  1477.8  5652.9 20100.6  15041.2    15054
read      376.4   325.2   160.7   219.3   231.1   321.6   386.9   428.2   461.3   502.5   555.3   632.9   970.8  4041.0 12173.4  75695.0    75754
read      517.7  1185.7   187.4   263.1   288.7   407.1   454.1   481.0   500.0   523.4   552.1   626.1  3489.8 28002.9 32397.6   5261.8     5187
read      577.6  1202.8   173.5   227.3   245.6   436.3   542.5   594.9   630.5   673.3   728.0   836.3  4558.8 14174.5 36582.8  17559.6    17656
read      377.5   511.5   160.7   221.2   234.5   327.9   382.8   415.9   441.2   473.6   518.1   587.3   818.8  6385.5 24573.4  96511.8    96343
read      421.7   439.2   160.7   219.7   232.3   348.8   455.4   521.8   562.4   602.5   644.6   705.3  1052.1  5139.1 16131.3  36691.8    36665
read      381.5   412.0   160.7   221.4   234.7   330.5   392.8   431.0   460.8   496.6   543.1   620.5   877.2  5320.9 12819.7  85222.4    85269
read      432.5   404.8   160.7   222.1   236.3   364.6   480.3   538.8   573.5   609.6   650.7   716.1  1107.1  4383.4 12206.5  31482.8    31525
read      391.7   376.6   160.7   219.9   232.0   330.2   405.4   455.4   493.6   538.3   592.4   667.4   961.3  5015.8 12612.2  61712.6    61798
read      452.8   434.1   173.5   240.0   258.9   431.0   496.6   526.1   545.1   569.1   595.5   643.8  1107.9  5737.5 12814.4  12212.0    12253
read      438.7   382.2   173.5   224.1   239.4   384.2   493.3   541.0   570.5   601.1   637.8   694.5  1184.9  5187.2 15739.1  25762.6    25710
read      388.2   455.3   160.7   220.1   232.7   328.4   392.1   430.6   461.3   499.3   549.2   631.9  1056.3  5397.0 15529.3  79984.8    79937
read      526.7  1152.9   187.4   252.1   276.6   418.8   476.5   505.6   527.8   551.5   586.6   656.2  3470.5 23539.7 37500.2   7241.4     7271
read      426.3   484.9   160.7   222.7   237.2   343.4   406.5   448.8   482.4   526.0   588.2   737.7  1796.9  6042.6 13749.9  85542.4    85861
read      373.2   442.2   160.7   220.0   232.4   324.1   381.4   415.9   442.6   475.7   521.6   593.0   864.7  6087.2 24429.9  91262.0    91467
read      392.0   497.0   160.7   221.1   234.2   332.1   399.3   441.9   475.6   516.4   569.8   649.6   963.6  5860.0 28472.4  72309.2    72217
read      442.8   478.9   173.5   222.9   237.6   366.9   486.1   544.8   580.6   617.4   659.3   722.5  1190.2  6160.1 15331.3  31116.2    31080
read      382.7   466.2   160.7   220.1   232.5   325.1   388.2   427.4   458.4   497.1   547.5   627.6   889.4  6042.8 23280.6  76706.6    76878
read      385.6   490.1   160.7   221.7   235.3   331.3   391.9   428.8   458.5   494.7   542.2   620.3   878.5  5794.2 18243.7  84176.6    84584
read      454.3   562.9   173.5   237.9   255.9   428.9   494.8   523.9   542.4   565.7   592.5   642.8  1020.9  6942.3 31483.0  12593.2    12492
read      404.4   511.7   160.7   220.3   233.1   334.4   412.4   465.6   507.4   556.1   611.0   683.7  1041.5  5341.9 23555.2  57189.6    57106
read      362.0   326.7   173.5   219.6   231.5   318.1   370.3   402.0   427.3   459.2   502.1   574.7   868.9  4755.1  8653.5  96301.6    96245
read      550.2  1224.0   173.5   254.6   280.1   426.5   483.0   512.6   535.4   562.0   596.6   682.9  4252.8 14410.0 41448.6   6834.8     6791
read      428.1   572.0   160.7   222.0   236.1   342.9   405.8   446.2   478.8   521.3   581.9   715.2  1875.6  6844.2 28157.4  90530.6    90728
read      565.9  1521.2   187.4   264.9   292.0   406.9   454.4   482.2   501.4   526.3   559.7   636.3  4620.0 30770.8 37680.2   5093.4     5151
read      418.9   540.8   160.7   221.5   235.5   337.1   400.1   438.7   470.6   511.1   571.6   692.5  1773.3  6931.2 20118.0  82488.6    82969
read      423.5   397.4   173.5   221.8   236.0   352.0   448.5   512.3   555.4   600.2   650.1   719.4  1126.6  4341.4 12253.6  42612.2    42635
read      378.4   350.9   160.7   223.5   238.2   335.2   391.2   424.6   450.6   483.2   526.9   597.5   903.0  4765.0 11386.8  99168.6    99337
read      385.8   555.9   160.7   222.6   236.8   331.4   388.4   422.4   448.4   480.7   524.5   593.4   867.4  6914.5 30288.8  95506.6    95192
read      382.3   376.2   160.7   219.2   230.8   323.6   393.4   436.8   472.3   515.6   570.6   642.7   912.3  5319.0 13795.6  69212.6    69200
read      405.2   436.7   160.7   219.3   231.6   337.3   423.8   482.1   525.7   572.6   623.0   689.4  1026.6  4560.9 13871.5  49652.2    49459
read      433.1   509.0   160.7   221.6   235.6   366.0   484.2   537.5   569.0   601.4   638.7   694.6  1076.1  4702.6 30776.9  29011.6    29055
read      397.3   481.0   160.7   220.7   233.6   333.5   405.8   453.4   490.3   534.8   591.5   669.9   979.4  5321.8 24226.8  64324.2    64324
read      537.7  1303.3   187.4   261.1   287.3   413.4   464.0   492.7   511.7   536.6   570.8   637.0  3648.1 27982.4 37205.5   5720.8     5705
read      423.6   489.0   160.7   222.5   237.0   342.6   404.6   445.5   478.7   522.3   584.0   722.7  1789.5  6059.3 19248.9  84425.6    84816
read      446.4   583.5   173.5   221.8   236.0   381.2   493.8   538.0   565.5   593.5   631.7   693.7  1343.1  6702.0 30512.8  23706.8    23714
read      375.8   439.2   160.7   218.5   230.0   319.0   380.0   420.0   452.0   493.3   545.5   625.5   913.2  5321.0 14566.7  74037.8    74116
read      446.2   505.9   173.5   224.0   239.1   398.8   497.7   536.6   561.3   587.4   622.6   678.8  1281.8  5918.9 18986.7  19976.0    19948
read      399.3   307.6   160.7   218.2   230.3   336.1   422.7   486.4   531.5   577.2   625.5   686.7   964.1  3475.8  9993.9  44187.0    44213
read      425.2   269.8   160.7   223.9   239.1   398.2   490.8   527.9   549.9   577.2   610.0   661.8   880.3  3773.5  8703.4  19334.2    19454
read      502.5   893.4   173.5   253.7   278.7   423.3   479.9   509.6   532.7   558.3   592.6   660.1  2527.1 11725.4 31993.2   7086.0     7190
read      411.3   374.1   160.7   219.1   231.4   338.9   427.4   492.9   540.1   588.9   643.1   723.8  1258.0  3590.9 14816.0  47570.8    47657
read      409.6   445.8   173.5   218.8   231.1   339.7   428.5   493.0   538.5   585.5   635.1   703.4  1001.3  5562.3 15435.4  44468.8    44399
read      496.6   893.6   173.5   257.8   282.6   414.9   468.8   497.2   517.2   541.7   576.2   632.8  2666.4 11372.5 32455.1   6516.4     6481
read      531.4  1152.4   173.5   257.9   283.3   421.1   477.4   505.4   526.5   548.9   584.7   658.4  3216.4 16033.0 35268.9   5796.8     5807
read      389.8   467.6   160.7   219.2   231.4   326.7   385.6   420.7   449.3   487.7   540.6   631.6  1576.7  7042.0 12785.7  82870.8    83137
read      524.9  1090.9   173.5   238.9   259.5   422.9   490.3   524.1   546.2   575.6   613.0   679.2  3297.9 13725.7 36766.7   9664.8     9580
read      426.0   531.3   173.5   219.0   231.5   346.1   450.5   515.2   554.5   594.7   639.0   708.1  1202.5  6038.1 28817.9  37303.4    37385
read      416.3   357.5   160.7   219.3   231.8   348.9   461.5   524.5   561.2   599.2   640.5   700.5  1012.4  4229.7 10762.3  33710.8    33706
read      415.8   276.6   160.7   220.2   233.1   351.3   456.8   522.6   562.1   603.1   647.5   711.2  1077.0  3631.9  9535.4  35337.4    35204
read      391.2   369.9   160.7   216.8   229.0   328.7   407.5   465.6   511.1   560.4   613.3   679.3   898.7  3457.2 15815.9  50324.6    50438
read      392.8   360.0   160.7   216.7   228.8   328.9   409.4   469.1   515.1   564.3   617.1   683.3   943.6  3411.2 10940.7  48969.8    48878
read      408.0   390.3   160.7   218.7   230.9   340.4   431.5   497.5   541.2   586.0   633.4   696.2   996.6  4324.5 13724.6  42607.6    42682
read      419.4   353.2   160.7   219.5   232.7   362.8   479.6   529.9   559.5   590.1   626.5   679.0   935.7  4108.5 12465.6  27294.0    27416
read      381.1   353.1   160.7   218.7   230.4   324.1   391.9   435.3   474.2   522.3   578.6   654.8   963.3  3734.5 17186.7  64427.2    64424
read      380.7   379.9   160.7   218.0   229.4   320.2   387.1   430.8   468.2   516.0   574.5   651.1   979.2  4737.5 12710.2  64297.4    64364
read      490.7  1073.0   187.4   260.3   285.0   396.0   441.8   467.6   488.4   511.6   544.5   611.1  2643.8 10965.5 38202.8   5473.0     5481
read      424.4   446.1   173.5   220.2   233.1   361.9   472.8   521.9   551.2   583.9   622.7   683.0  1071.6  6167.9 12885.2  26237.8    26227
read      420.4   449.9   173.5   220.8   234.0   360.1   472.1   522.1   553.0   585.2   623.1   678.0   959.9  5140.3 13941.3  26662.8    26586
read      369.3   374.3   160.7   219.1   230.8   321.1   378.1   413.3   440.3   475.5   522.6   594.2   845.7  4416.1 12543.0  86291.0    86286
read      412.2   407.1   160.7   219.6   232.0   359.9   466.8   512.9   539.6   568.3   600.4   650.8   883.0  4591.3 15561.1  24353.6    24452
read      414.7   624.3   173.5   220.8   234.0   357.3   471.2   523.5   553.9   585.4   622.5   676.6   955.3  3414.8  9012.6  26839.2    26832
read      422.1   726.3   173.5   221.3   234.5   352.7   458.8   517.0   549.7   584.9   625.6   682.2  1052.4  5211.4 27978.6  29915.4    29795
read      396.6   804.5   173.5   220.2   232.7   335.4   415.8   472.7   517.4   565.0   615.6   680.8  1042.2  2439.7  8690.7  46305.8    46224
read      377.2   384.5   160.7   220.4   233.0   326.8   385.2   420.6   448.7   485.1   533.8   612.2   958.6  4899.7 12684.7  84497.4    84587
read      381.8   350.4   160.7   219.5   231.3   324.5   392.3   435.7   473.0   519.4   574.5   651.3   942.8  3991.1 10777.9  63362.2    63389
read      404.3   425.7   160.7   220.5   233.3   340.0   420.0   475.2   519.3   567.1   619.6   685.1  1040.2  4801.1 12731.3  46943.2    46953
read      372.7   395.7   160.7   220.7   233.4   326.1   382.7   417.0   443.6   477.6   523.8   595.3   868.5  4294.0 14203.4  90430.0    90536
read      440.3   544.0   173.5   235.4   252.3   414.2   477.8   508.0   529.1   550.5   580.8   630.7   923.8  7083.7 30714.2  12518.2    12508
read      408.3   369.8   160.7   220.6   233.2   344.4   437.5   501.5   542.7   584.3   628.6   689.2   979.2  4484.0 11220.7  38335.8    38491
read      374.0   349.7   160.7   222.2   236.0   331.1   385.8   418.4   443.7   476.1   520.9   592.3   853.2  4388.3 11818.2  97862.8    97806
read      439.8   424.2   173.5   238.1   256.5   415.3   477.8   506.3   526.4   547.1   578.2   628.4  1075.4  6480.4 17650.4  11888.2    11813
read      419.8   501.0   173.5   221.4   234.8   348.8   441.3   503.3   544.1   585.4   630.7   692.2  1032.1  6213.6 24133.8  39524.2    39665
read      386.1   316.2   173.5   219.4   231.2   327.2   401.6   453.8   496.9   546.0   601.3   670.8   887.2  3357.3 12317.3  53527.6    53571
read      383.7   397.8   173.5   219.8   231.5   323.6   389.8   433.6   470.9   519.0   576.0   650.2   960.7  4870.8 16782.1  63123.4    63215
read      364.4   347.8   160.7   218.5   229.4   315.5   372.5   408.7   437.5   476.3   528.7   605.0   820.9  4236.6  9989.1  78779.4    78767
read      521.2  1239.0   173.5   240.4   261.2   402.3   460.7   492.7   514.5   540.7   577.1   640.4  3412.8 25832.7 32145.9   8594.6     8615
read      396.2   426.9   160.7   220.0   232.5   329.2   395.8   438.0   473.8   520.3   579.2   673.6  1531.1  4137.2 13848.1  67667.6    67903
read      434.0   475.9   173.5   227.9   243.5   404.1   480.7   515.1   536.9   561.3   590.3   638.7   982.2  6191.2 16152.8  16389.6    16398
read      387.9   297.3   173.5   219.9   232.0   330.3   401.9   451.8   493.7   543.0   597.7   669.3   925.1  3936.6 11388.5  53496.2    53434
read      408.0   453.9   173.5   219.7   231.9   338.8   430.5   495.5   537.1   578.2   622.3   682.6  1018.4  5090.2 24344.6  38166.6    38068
read      422.1   317.3   173.5   248.8   271.2   402.9   450.2   474.2   493.0   512.6   539.9   584.1   735.6  4507.6 13073.1   9086.6     9130
read      366.0   184.7   160.7   219.2   231.7   327.5   393.3   433.1   464.1   503.2   552.7   622.5   761.0  1323.6  6568.0  69173.0    69227
read      398.8   219.6   160.7   222.7   237.6   352.5   442.3   501.7   540.8   578.5   618.3   671.5   783.4  1338.6  8825.5  37499.0    37496
read      353.1   196.8   160.7   217.8   229.8   318.7   375.0   410.5   437.0   471.2   518.5   586.8   733.6  1423.4  5462.0  83773.2    83925
read      387.1   227.1   160.7   220.6   234.2   342.2   419.4   467.6   508.1   553.8   603.2   666.1   795.4  1432.9  9236.2  50978.8    51037
read      406.7   205.2   160.7   223.5   238.9   359.8   460.0   519.0   555.1   590.4   628.4   680.7   800.1  1666.8  7542.7  33807.2    33690
read      385.5   195.4   160.7   220.5   234.5   342.0   418.7   467.1   507.0   551.2   598.5   659.5   792.0  1367.3  7401.0  51453.2    51474
read      366.0   169.9   160.7   220.5   234.0   329.1   393.5   431.9   462.0   499.7   546.9   616.1   754.3  1428.7  6249.8  73531.8    73708
read      352.8   187.4   160.7   220.6   233.8   322.9   375.4   406.5   430.5   460.6   501.3   568.1   728.2  1269.0  7579.3  98571.6    98618
read      357.0   183.7   160.7   218.8   231.1   320.7   379.2   415.6   443.3   478.1   526.7   597.1   747.5  1621.1  6223.8  81967.8    81977
read      348.9   189.2   160.7   218.2   229.8   316.0   370.1   403.2   429.4   462.0   505.1   572.2   724.0  1298.6  8628.6  91476.8    91567
read      392.3   228.9   160.7   221.1   235.1   343.3   427.3   483.0   525.2   569.3   615.5   673.1   791.5  1428.8  8784.7  48051.8    48236
read      348.1   164.8   160.7   217.1   229.2   316.2   370.7   403.5   429.9   462.3   504.6   571.7   722.1  1280.8  6492.3  91518.0    91726
read      388.5   187.6   160.7   221.6   236.3   342.9   421.2   471.3   512.7   558.8   608.5   671.7   799.8  1483.4  5531.9  52362.4    52458
read      363.7   186.9   160.7   218.2   230.6   325.5   388.6   427.7   458.7   497.8   546.4   618.2   764.0  1438.8  7530.5  70269.0    70467
read      365.1   210.3   160.7   219.0   231.5   326.3   391.0   430.1   460.9   499.6   548.9   617.2   745.7  1418.7  7886.5  71028.2    71151
read      373.4   220.4   160.7   219.4   232.4   331.0   398.1   440.8   475.3   518.7   570.7   638.3   777.5  1809.2  9066.0  64863.8    65016
read      397.3   216.8   160.7   221.8   236.5   350.4   436.8   495.4   536.0   576.8   620.2   676.2   795.7  1606.1  8332.0  41853.0    42057
read      354.1   182.0   160.7   216.5   228.6   318.0   377.0   413.6   441.5   476.7   525.2   593.5   745.4  1399.0  7609.2  78854.0    78821
read      374.0   198.2   160.7   219.1   232.0   331.5   401.7   446.9   482.6   527.4   578.0   642.1   771.2  1320.9  8019.5  60778.2    60720
read      394.6   211.5   160.7   220.8   234.8   346.7   434.5   493.5   534.0   574.6   617.1   671.6   794.8  1611.6  7975.9  39957.6    39911
read      429.4   335.3   173.5   245.1   266.0   416.3   469.5   496.7   514.8   535.9   562.0   603.9   716.8  5394.2 12853.6  10520.0    10628
read      364.1   223.1   160.7   218.9   230.9   324.3   388.2   426.9   456.8   494.5   543.4   615.8   769.6  1821.3 10069.4  73735.8    73736
read      433.5   391.2   173.5   259.7   284.3   409.6   453.7   477.9   496.3   516.9   543.3   589.8   723.0  5197.0 13719.4   7333.8     7334
read      346.9   187.6   160.7   217.2   229.3   315.0   367.6   400.0   425.8   457.9   500.9   567.1   714.9  1286.4  8368.2  91778.4    91868
read      356.8   175.4   160.7   216.7   229.1   320.0   382.0   420.5   449.7   485.5   532.9   601.0   738.9  1332.6  5901.0  76574.2    76670
read      434.1   340.1   173.5   246.5   267.9   421.0   475.8   503.1   522.5   543.5   573.3   618.3   734.4  4373.5 16163.4  10531.6    10405
read      432.5   241.3   173.5   230.9   249.4   404.3   495.7   540.9   569.3   598.8   634.0   685.9   803.5  2629.5 10255.3  25965.8    26019
read      391.9   218.9   160.7   221.2   235.7   348.7   427.9   474.3   512.2   555.0   605.2   671.9   815.7  1527.3  8173.3  55266.2    55530
read      414.9   275.1   160.7   223.9   239.4   368.9   475.8   528.0   558.8   590.2   627.5   678.7   798.1  3031.6 12144.8  29670.2    29615
read      366.6   181.4   160.7   218.7   231.1   327.3   394.5   435.2   468.0   508.5   557.8   624.2   748.0  1272.7  8081.0  66193.0    66057
read      379.5   203.0   160.7   219.7   232.9   335.6   411.2   458.7   496.5   540.3   588.6   649.4   771.8  1281.6  7591.4  55268.2    55281
read      429.1   337.3   160.7   228.8   246.1   404.0   496.9   535.8   560.1   585.9   618.4   665.6   778.9  3951.0 12054.8  21199.4    21177
read      349.4   174.3   160.7   216.6   228.8   316.3   371.9   405.9   432.8   465.4   508.9   576.9   723.2  1427.9  6977.3  88016.8    88239
read      365.4   187.7   160.7   218.8   231.3   325.9   391.2   432.1   464.4   504.0   553.4   623.9   754.2  1331.7  6317.0  70215.4    70227
read      417.4   216.8   160.7   226.1   242.3   387.2   490.3   532.6   558.2   584.8   618.5   667.9   774.0  2416.0  8090.3  23457.2    23421
read      347.3   159.5   160.7   219.2   231.6   318.4   370.2   401.4   425.7   455.0   494.8   556.7   706.4  1273.5  5871.7  97002.0    97104
read      437.6   401.7   187.4   268.7   295.8   409.8   451.3   474.3   493.2   513.1   540.8   584.4   740.2  6691.1 13920.4   6222.0     6235
read      386.1   208.3   160.7   221.9   236.6   344.1   419.6   465.9   502.3   544.7   593.2   659.7   793.4  1380.9  8046.9  57836.8    58045
read      420.7   248.1   160.7   226.6   242.9   386.9   491.9   535.1   561.4   588.5   622.0   670.2   775.6  3621.9 10538.2  23827.6    23729
read      403.2   228.2   160.7   221.5   236.2   352.3   447.3   510.7   551.6   592.8   635.7   691.5   808.0  1533.8  7038.0  40925.4    40897
read      385.2   236.8   160.7   220.5   234.4   340.0   417.6   466.8   506.7   549.8   598.3   661.0   790.4  1418.9 10338.5  53498.8    53312
read      348.0   177.3   160.7   217.6   229.7   315.8   370.3   403.7   430.5   463.3   506.1   572.9   713.9  1425.6  4022.1  87184.6    87262
read      351.4   169.2   160.7   216.7   228.9   316.0   373.0   409.4   437.1   471.7   519.2   588.9   735.9  1332.7  6499.7  81850.8    81836
read      345.3   163.6   160.7   217.6   229.6   314.5   367.0   399.9   425.6   456.8   498.4   563.7   700.3  1242.3  5359.8  92377.4    92274
read      390.1   205.4   160.7   219.9   233.7   342.3   425.1   479.2   522.5   567.4   614.5   674.7   801.4  1246.8  8089.2  47324.8    47252
read      359.8   189.7   160.7   218.2   230.4   321.5   384.7   423.4   453.1   490.1   538.4   607.3   742.7  1241.0  9062.5  75806.6    75747
read      358.5   191.8   160.7   219.4   231.6   321.8   382.0   419.5   447.9   483.0   529.5   597.9   740.9  1454.5  7836.5  81045.6    80994
read      345.9   158.9   160.7   219.2   231.5   317.8   369.1   399.8   424.2   453.9   493.4   552.3   692.1  1196.6  5964.6  98404.0    98224
read      433.5   274.0   173.5   260.2   285.5   419.9   464.6   490.7   508.4   531.0   556.7   599.0   726.4  4604.9  9344.8   7692.0     7737
read      421.1   231.1   173.5   228.5   246.0   389.2   469.8   518.8   551.9   588.1   630.1   686.0   823.8  1867.7 10082.4  37593.4    37514
read      437.1   316.1   160.7   250.3   272.3   425.2   480.1   508.4   528.4   548.5   579.1   624.1   729.8  3909.8 12298.7  10580.2    10640
read      350.2   156.5   160.7   219.0   231.2   318.4   372.8   406.3   432.9   465.0   507.3   575.6   716.7  1324.2  5820.9  90376.8    90490
read      348.2   184.2   160.7   218.7   230.7   317.2   371.2   404.2   430.3   461.9   502.8   565.3   700.0  1156.6  7891.3  92576.8    92514
read      350.1   160.2   160.7   218.3   230.1   317.9   373.0   406.9   433.7   466.7   508.9   576.1   719.2  1303.7  5915.9  89203.6    89245
read      361.9   186.5   160.7   218.8   231.2   323.4   386.0   425.9   456.5   494.3   542.8   612.6   742.3  1474.3  6281.2  73759.2    73823
read      395.0   200.7   160.7   221.8   236.5   346.6   432.1   489.5   531.9   576.1   622.6   681.6   796.8  1270.8  7618.2  46641.6    46565
read      427.4   321.0   160.7   229.0   245.7   403.4   497.6   535.5   559.5   585.8   618.0   663.4   761.2  3213.4 13088.0  21333.4    21419
read      367.1   200.7   160.7   218.8   231.3   325.8   391.4   433.5   466.1   506.8   557.0   627.9   754.9  1758.1  8108.7  66807.0    66915
read      415.5   252.4   160.7   223.7   239.5   366.4   476.2   533.0   566.3   599.1   635.6   688.1   802.3  2446.5 10398.1  31753.4    31667
read      367.3   195.5   160.7   219.4   232.1   327.7   393.1   433.3   464.9   504.9   554.8   627.6   770.6  1374.9  8251.6  72273.6    72255
read      351.7   174.4   160.7   220.3   233.3   322.3   374.1   405.5   430.3   460.9   501.9   568.7   726.3  1188.5  7807.7  99394.8    99535
read      442.2   321.9   173.5   256.6   279.3   428.1   478.9   505.8   525.3   545.7   574.8   619.8   734.0  4603.9 12538.4   9156.2     9226
read      375.0   224.5   160.7   220.4   233.8   332.9   401.6   444.2   476.2   518.0   569.7   640.7   796.8  1372.7  8711.9  67684.8    67844
read      371.8   190.9   160.7   220.2   233.6   331.5   399.2   440.9   472.0   512.6   563.6   635.6   788.6  1370.1  7071.4  71330.8    71413
read      356.6   184.1   160.7   221.1   234.8   326.4   379.6   411.9   436.1   467.2   508.5   576.1   734.5  1555.9  7712.3  96993.8    97328
read      389.7   191.9   160.7   221.6   236.2   344.3   421.8   470.6   511.5   558.4   610.3   677.3   822.3  1495.9  5641.8  55075.8    55113
read      395.5   231.9   160.7   222.3   237.3   346.8   427.2   477.7   518.6   565.4   618.0   684.9   851.2  1655.8  9061.2  53837.2    53743
read      432.5   249.1   160.7   238.0   256.3   426.7   496.8   529.1   548.7   573.5   602.1   649.8   749.0  2430.0  9922.1  15228.8    15253
read      361.4   204.4   160.7   222.4   237.1   328.8   384.9   419.5   445.7   478.0   523.3   591.6   750.3  1291.5  7046.9  90519.0    90605
read      440.0   282.4   160.7   235.4   253.4   399.3   511.9   559.6   589.2   620.5   656.8   710.4   834.5  3391.4 14022.2  25737.8    25767
read      357.7   188.6   160.7   221.1   235.1   325.9   379.6   412.6   437.9   470.0   513.3   582.4   747.2  1640.8  7598.2  93535.4    93458
read      356.2   183.7   160.7   220.8   234.2   324.8   378.7   411.9   437.1   468.4   510.3   578.7   739.7  1608.5  6167.6  94906.6    95080
read      355.1   185.6   160.7   219.4   231.7   321.0   377.7   412.7   439.0   471.2   516.9   585.2   735.2  1468.7  7851.3  88503.2    88399
read      345.9   175.0   160.7   218.6   230.5   316.2   368.6   400.5   425.6   455.7   495.7   557.9   697.7  1258.9  5878.5  95636.2    95681
read      408.0   261.0   160.7   222.3   237.3   357.2   462.9   522.1   555.5   588.8   626.4   679.1   804.9  2320.0 10013.6  33043.2    33003
read      343.3   201.7   160.7   218.2   230.0   314.6   364.8   394.9   418.3   447.1   486.3   546.5   686.6  1353.5  6725.4  98796.8    98809
read      370.4   219.6   160.7   219.5   232.2   327.6   395.7   438.5   472.3   516.5   568.0   633.8   759.9  1839.3  8262.1  64602.4    64610
read      385.9   201.4   160.7   220.4   234.4   338.1   417.8   469.9   512.4   559.3   608.9   669.0   785.2  1578.8  6761.2  51034.0    51183
read      421.8   291.9   160.7   228.5   245.2   402.1   491.3   528.7   551.5   577.2   607.3   651.8   748.0  2899.4 10243.0  20052.8    20194
read      435.1   331.8   173.5   260.7   286.4   414.5   458.7   483.1   500.4   521.4   546.8   591.1   736.6  5566.5 12973.8   7551.0     7602
read      408.9   298.1   160.7   225.1   241.2   370.4   450.9   498.3   533.7   573.6   619.5   679.5   809.5  2657.0  9463.3  46602.0    46677
read      429.6   475.2   187.4   269.5   296.2   400.5   438.8   461.2   477.5   501.6   530.4   573.0   695.5  8248.5 19307.9   5564.8     5577
read      431.8   249.8   173.5   233.1   252.6   410.1   493.3   534.7   560.3   586.7   620.3   669.6   777.3  2829.8  9160.5  22947.0    23035
read      382.5   182.8   160.7   220.4   234.3   342.4   417.7   462.2   497.6   539.0   587.5   650.5   790.2  1343.6  6131.6  57507.4    57516
read      373.5   195.1   160.7   219.1   231.8   331.1   402.8   447.9   483.0   526.9   577.0   641.1   764.6  1713.7  6591.9  62963.2    62851
read      400.7   213.0   160.7   221.3   236.0   351.4   447.3   509.2   549.8   587.6   627.8   681.6   806.3  1440.1  7655.6  38437.0    38431
read      414.7   264.8   160.7   224.7   240.6   373.5   482.5   529.4   556.4   584.2   618.2   666.1   776.2  2654.1 10095.1  25742.0    25729
read      425.4   316.0   160.7   229.7   246.6   409.2   498.0   534.3   557.3   583.0   614.5   658.3   745.1  1779.6 12578.9  19408.8    19443
read      435.5   373.2   160.7   230.3   247.2   412.1   500.7   538.1   562.1   587.3   619.8   669.2   795.2  4508.3 13814.9  19558.2    19461
read      393.8   219.6   160.7   220.1   233.9   343.1   432.0   492.3   534.6   576.2   620.1   677.2   799.0  1723.1  7929.6  42340.8    42341
read      424.7   299.0   173.5   270.4   298.2   401.7   440.5   464.3   482.1   503.1   531.8   576.3   707.4  5390.5 10301.6   5762.8     5691
read      413.9   216.3   160.7   227.8   244.9   384.8   463.6   511.1   543.9   580.5   620.9   674.2   782.4  1343.8  8212.0  40209.6    40223
read      422.9   244.9   160.7   228.0   245.3   391.4   479.6   527.9   558.0   590.4   628.2   680.2   799.4  3108.3  8664.5  29931.6    29941
read      409.6   196.2   160.7   225.9   242.3   372.0   457.0   507.8   544.4   584.5   627.2   683.8   809.8  1467.1  7437.4  41187.0    41162
read      400.4   263.6   160.7   223.3   238.6   358.1   442.8   494.8   532.3   571.6   614.6   670.3   784.9  1406.7 11616.8  43727.2    43863
read      420.1   264.7   160.7   228.4   245.2   402.0   489.4   526.5   548.6   575.2   605.6   646.6   745.0  2289.5 11056.8  20159.8    20318
read      348.2   184.5   160.7   218.7   230.5   317.7   370.5   402.0   427.0   457.5   498.4   560.3   692.3  1745.4  6490.3  93436.4    93421
read      390.1   211.7   160.7   220.7   234.7   340.6   424.8   478.6   521.9   565.7   613.5   674.9   798.2  1687.2  7265.6  48607.4    48578
read      398.1   253.9   160.7   220.5   234.4   347.0   440.0   499.9   539.8   580.9   623.9   679.4   796.5  1673.9  9396.0  40772.0    40595
read      426.1   322.0   173.5   232.1   248.9   414.1   492.9   526.7   547.1   571.9   599.5   639.9   745.9  2374.9 14056.3  17615.8    17677
read      359.1   183.2   160.7   218.7   230.9   322.2   383.6   421.5   450.1   485.3   532.9   601.0   740.1  1551.3  7776.4  78846.2    78948
read      427.4   342.9   173.5   248.7   270.6   416.7   464.4   491.3   509.7   531.4   555.2   597.3   714.9  3516.9 16018.8   9668.8     9703
read      431.6   307.6   173.5   250.7   274.5   418.1   467.5   494.4   512.4   534.8   561.3   600.6   722.8  4261.8 11761.7   9782.6     9686
read      431.9   379.5   173.5   260.0   284.9   416.6   461.3   486.4   504.5   526.1   549.1   591.2   684.8  5595.7 15471.8   7974.6     7968
read      440.2   297.6   173.5   240.1   260.6   423.9   495.7   530.1   551.1   575.5   603.8   649.9   764.8  4019.5 11532.9  15772.8    15830
read      443.2   438.0   187.4   259.1   283.1   421.3   468.8   495.6   513.7   535.3   561.8   605.5   738.2  7268.4 20368.4   8167.8     8192
read      359.0   213.9   160.7   219.2   231.5   322.7   384.5   421.9   450.0   484.7   530.4   594.0   733.5  1477.8  7810.4  79266.8    79410
read      359.0   169.7   160.7   218.5   230.5   323.0   385.5   424.2   453.6   489.6   536.2   602.4   735.6  1230.8  7162.8  76689.4    76582
read      383.0   214.2   160.7   220.0   233.4   338.4   415.8   463.1   501.3   545.4   594.1   657.4   786.2  1528.3  8490.1  54611.0    54634
read      363.1   188.1   160.7   218.4   230.5   323.7   388.9   429.2   460.0   497.9   545.9   616.4   746.7  1469.7  7933.2  72099.4    72177
read      427.9   305.4   160.7   235.6   252.7   419.8   487.0   518.8   539.0   562.2   589.7   634.1   739.9  3836.8 12049.1  15247.0    15101
read      437.5   414.6   173.5   257.8   281.2   416.1   460.7   485.7   503.7   525.8   549.9   593.4   723.6  6984.2 16216.0   8180.0     8167
read      412.3   210.4   173.5   228.2   245.3   381.2   460.1   505.6   539.1   576.0   618.8   677.0   805.2  1404.1  7530.7  44019.8    44130
read      388.6   219.9   160.7   221.4   236.0   345.2   423.5   469.8   508.4   551.1   600.3   662.3   791.7  1679.3  9400.3  53060.8    53047
read      350.8   171.2   160.7   219.9   232.6   321.3   374.2   405.6   430.8   461.0   501.0   563.5   718.0  1338.2  7561.2  97253.8    97171
read      360.5   177.7   160.7   219.7   232.5   325.6   386.8   424.0   452.2   487.0   533.4   602.5   741.1  1271.0  5836.4  81277.0    81360
read      361.8   177.3   160.7   218.9   231.5   325.4   387.0   425.4   454.6   490.8   539.3   609.8   744.3  1671.3  6214.8  77381.6    77277
read      403.7   252.6   160.7   221.6   236.3   352.0   449.6   510.7   549.7   587.4   628.3   682.4   806.5  2159.0 10683.6  38349.6    38294
read      433.0   351.8   173.5   244.3   264.3   421.5   474.3   501.6   520.6   541.4   569.8   614.1   725.6  4694.4 15160.9  11204.2    11165
read      360.1   207.5   160.7   217.6   229.8   321.3   384.8   424.6   454.7   491.8   539.9   607.1   732.5  1337.6  8571.7  74042.2    74155
read      432.6   348.1   173.5   240.2   259.2   425.3   480.7   508.5   528.1   547.9   576.7   619.4   717.1  5639.8 14665.7  12146.8    12255
read      391.7   235.8   160.7   221.2   235.7   349.0   428.7   475.6   512.8   555.4   604.1   666.9   784.1  1364.8 10690.1  52406.8    52404
read      424.6   244.9   173.5   232.4   249.6   413.7   491.3   525.6   545.5   569.4   594.7   639.9   744.2  3090.0 10668.1  16987.8    17057
read      434.7   383.3   173.5   271.9   299.5   405.9   447.8   470.2   489.5   509.6   538.7   583.4   723.6  7194.7 13429.4   6011.8     6005
read      351.0   169.1   160.7   218.2   230.1   317.9   373.6   408.7   435.6   468.4   513.4   580.6   715.0  1411.6  6625.0  85464.2    85707
read      355.4   174.7   160.7   218.0   230.1   319.7   380.6   418.4   446.5   480.5   526.6   591.9   726.6  1267.6  7267.4  79707.0    79742
read      376.6   207.2   160.7   219.5   232.4   334.0   406.9   452.7   488.1   530.6   579.0   640.2   770.7  1498.3  9074.4  58343.2    58322
read      416.3   276.4   160.7   224.8   241.1   378.0   484.2   531.0   558.5   586.2   620.1   668.9   773.6  2486.7 12623.2  26282.2    26212
read      365.7   187.6   160.7   219.0   231.5   328.1   394.2   434.2   464.7   502.7   549.4   616.3   743.2  1369.6  7027.7  69288.0    69487
read      410.1   258.1   160.7   223.2   238.7   364.5   470.3   523.0   553.6   584.5   620.4   671.1   784.3  2617.7 11345.1  29544.6    29507
read      389.6   234.2   160.7   221.9   236.8   344.3   423.1   470.9   511.4   555.3   602.6   664.7   782.0  1489.1  9066.0  51376.0    51412
read      368.7   184.6   160.7   220.0   233.3   328.1   394.8   436.0   468.0   508.6   558.1   624.7   759.6  1634.1  6865.5  67484.0    67374
read      384.8   200.1   160.7   222.3   237.3   340.1   415.6   463.9   502.6   545.9   595.6   659.1   789.2  1321.8  8907.0  55012.6    55125
read      390.6   231.0   160.7   223.2   238.8   342.3   420.2   469.6   511.3   556.6   606.0   669.1   796.9  1796.4  9141.0  53017.4    53048
read      430.4   354.9   173.5   240.0   259.5   421.9   477.0   504.0   523.5   544.3   572.0   611.3   715.9  4322.5 11941.7  12275.6    12192
read      409.5   246.4   160.7   223.9   239.5   367.3   460.1   516.1   551.2   586.9   627.0   679.8   792.6  1635.3 10526.1  36002.2    36138
read      376.4   200.8   160.7   220.3   233.7   333.6   404.1   449.1   484.6   528.2   577.9   640.4   770.5  1603.8  8266.6  60867.4    60799
read      401.9   236.0   160.7   221.5   236.5   352.4   453.7   514.7   550.9   585.8   625.0   677.1   787.5  1177.5  9598.5  36341.8    36368
read      396.0   226.5   160.7   220.2   234.4   345.8   438.9   499.0   538.8   577.2   617.4   669.7   783.4  1995.1  8344.0  39594.8    39729
read      347.0   165.9   160.7   219.1   231.1   318.1   370.0   400.9   425.3   455.2   495.7   559.0   695.0  1282.4  6529.9  95734.0    95693
read      398.5   244.8   160.7   220.6   234.6   348.0   440.6   502.8   543.3   583.1   625.6   681.2   793.5  1382.7  8592.6  41035.4    40999
read      367.5   192.8   160.7   218.6   230.8   325.8   394.8   437.2   470.2   513.8   564.9   629.3   745.4  1486.8  7257.7  64968.2    65037
read      426.7   321.7   173.5   238.5   256.8   417.1   472.3   502.2   522.0   542.4   570.0   610.6   718.4  4862.9 12353.7  12700.6    12633
read      388.5   190.4   160.7   220.0   233.9   347.4   428.4   476.1   512.3   552.5   598.2   657.6   780.1  1551.1  6764.2  50137.0    50117
read      370.6   189.6   160.7   218.7   231.0   329.8   400.8   445.0   478.4   520.0   568.7   631.8   746.9  1325.0  7384.8  62713.2    62765
read      424.0   228.7   173.5   240.7   260.2   418.7   474.2   502.2   521.3   541.8   569.4   610.5   699.6  3603.4  8309.7  12428.8    12379
read      392.9   233.8   160.7   221.3   235.8   350.3   430.3   477.9   516.0   556.3   603.6   663.2   785.7  1979.9  7946.4  49509.4    49369
read      404.8   240.3   160.7   221.9   236.7   356.7   452.0   510.9   548.0   586.4   629.7   684.9   801.4  1795.3  8103.1  38956.6    39111
read      392.4   196.6   160.7   221.4   236.0   347.1   429.4   477.5   517.6   563.3   613.6   679.2   813.6  1535.6  7465.3  52508.6    52692
read      416.2   239.0   173.5   224.7   240.4   382.0   488.1   532.5   558.3   585.2   619.0   667.8   774.5  2170.7 10167.1  24678.6    24539
read      374.2   213.2   160.7   218.9   231.6   331.6   402.0   446.5   480.9   524.6   575.1   638.4   779.7  1549.2  8480.7  61608.6    61591
read      392.4   196.5   160.7   220.4   234.5   343.5   428.6   484.9   527.9   572.3   619.3   678.4   803.1  1364.0  6841.9  47795.4    47864
read      429.0   260.0   173.5   232.9   250.2   419.6   494.3   527.9   548.1   572.4   599.6   644.5   773.8  3228.8 10619.5  16425.0    16479
read      360.7   190.2   160.7   219.0   231.2   323.4   385.8   424.9   454.6   491.8   540.2   609.7   735.5  1212.8  7828.0  75353.8    75268
read      437.4   413.4   173.5   253.6   277.1   417.9   464.2   490.0   507.4   530.2   556.4   601.2   725.3  6855.6 16202.3   8789.4     8714
read      439.4   250.7   173.5   245.6   267.4   428.6   494.3   525.5   545.4   570.2   598.3   643.4   751.2  3848.8  9333.2  12911.6    13002
read      359.0   181.6   160.7   218.2   230.3   322.3   383.3   420.7   449.2   484.4   531.8   600.5   745.9  1717.7  7383.7  77278.8    77147
read      399.0   258.7   160.7   221.6   236.4   347.4   436.2   496.5   538.8   581.9   626.4   682.9   810.8  1663.8  9533.9  43574.8    43518
read      412.6   233.9   160.7   224.1   239.7   371.6   480.7   530.2   558.8   588.0   623.0   671.2   768.2  2174.0  9954.1  27148.2    27206
read      382.1   188.5   160.7   220.7   234.4   337.2   413.2   461.3   499.9   544.6   595.8   662.6   791.9  1360.5  5836.4  55956.0    55859
read      407.5   274.5   160.7   222.6   237.5   356.8   455.2   517.3   556.3   594.3   634.5   689.5   806.3  1689.9 11437.5  37533.0    37448
read      393.6   211.8   160.7   220.2   233.9   344.5   431.7   489.5   531.5   574.6   620.5   679.0   801.0  1414.4  7953.3  45083.2    45026
read      346.3   180.6   160.7   219.4   231.6   318.6   368.9   399.0   422.6   451.2   490.0   549.7   699.2  1363.8  5919.4  99994.4    99974
read      369.1   174.6   160.7   218.8   231.2   328.0   397.7   440.7   473.0   516.8   568.7   634.0   754.3  1230.8  5321.3  64629.6    64632
read      385.8   215.8   160.7   219.8   233.4   339.2   420.4   471.7   513.8   558.4   605.2   664.2   784.2  1413.7  8424.9  49122.4    49061
read      353.2   166.3   160.7   217.7   229.8   318.1   376.8   413.8   441.5   475.0   522.8   589.6   730.4  1281.0  5516.6  80444.4    80418
read      429.5   278.1   160.7   233.9   251.1   420.4   493.4   525.8   545.5   569.2   594.4   639.2   772.0  3899.4 12214.4  16399.0    16471
read      402.8   193.7   160.7   222.5   237.7   354.9   455.5   515.4   552.3   588.7   627.0   678.9   792.9  1246.3  7182.4  35802.8    35694
read      427.3   271.0   160.7   236.4   253.6   421.6   482.3   512.5   532.5   553.2   581.0   623.1   736.5  3804.1 11096.6  13947.2    13935
read      357.9   182.6   160.7   218.5   230.5   320.5   382.0   419.8   448.2   482.7   529.5   597.5   743.9  1622.3  7847.3  79808.2    79838
read      387.4   227.5   160.7   220.4   234.1   339.0   420.8   473.4   516.7   559.8   605.3   665.2   779.6  1759.2  9592.0  48703.2    48842
read      423.0   270.2   160.7   231.2   247.9   410.8   488.0   523.4   544.8   569.8   597.0   639.5   740.8  3548.8 10839.6  17709.0    17708
read      410.3   250.9   160.7   223.4   238.8   364.9   469.3   526.6   559.1   590.1   625.7   675.5   790.4  1846.2  9322.8  31398.6    31401
read      370.4   177.6   160.7   219.6   232.5   329.5   399.0   443.1   476.3   519.7   568.9   631.5   752.1  1300.6  6223.5  61972.6    62091
read      351.0   208.7   160.7   217.7   229.8   317.4   373.3   408.3   434.9   467.1   511.0   578.1   714.9  1254.4  8700.7  87026.6    87121
read      356.3   181.7   160.7   218.9   230.9   320.8   380.2   416.9   444.8   479.0   526.7   594.5   736.7  1585.2  5984.1  81993.6    81929
read      398.9   242.7   160.7   222.0   236.7   349.1   439.7   498.9   539.6   580.9   624.1   678.4   792.6  1833.9  8461.6  42019.2    42013
read      345.7   177.6   160.7   218.0   229.7   315.0   368.1   400.6   426.4   457.5   499.1   562.5   690.0  1142.8  7366.0  90980.0    90709
read      365.0   196.3   160.7   218.9   231.3   324.9   390.8   432.3   464.6   505.2   554.3   622.3   742.7  1430.7  8613.9  67792.4    67578
read      376.0   170.7   160.7   219.4   232.4   331.6   405.7   453.6   491.4   537.3   588.3   652.5   773.6  1271.0  5402.7  57997.6    58116
read      366.6   204.6   160.7   218.7   230.9   325.4   392.1   433.3   465.5   505.7   555.1   626.5   758.7  1588.3  8875.1  68863.2    68886

Total QPS = 50313.5 (90564232 / 1800.0s)

Total connections = 64
Misses = 0 (0.0%)
Skipped TXs = 0 (0.0%)

RX 22369365551 bytes :   11.9 MB/s
TX          0 bytes :    0.0 MB/s
Warning! Detected max cpu usage > 95%
CPU Usage Stats (avg/min/max): 99.97%,49.00%,100.00%
