Random waveform, supplied seed
Total number of intervals = 216 (7434, 67201, 85927, 63953, 31595, 87879, 7287, 62295, 6561, 22532, 60653, 59076, 60154, 22964, 8172, 27652, 37594, 24367, 33771, 84944, 85666, 51918, 34406, 28664, 38289, 20658, 13840, 93419, 98284, 71313, 42089, 46458, 30755, 42889, 93552, 65694, 29574, 51355, 67361, 16287, 81508, 87619, 99068, 51267, 11822, 97494, 97350, 55460, 85984, 82043, 52873, 13911, 49984, 9274, 27187, 18735, 86505, 93039, 75999, 32324, 84255, 81759, 37291, 53818, 30297, 31569, 38927, 10652, 98119, 48176, 34929, 69735, 20753, 84642, 42333, 61587, 77998, 97625, 23781, 66723, 31016, 47394, 95335, 5252, 65908, 16889, 42912, 99898, 26385, 22616, 50605, 90283, 26273, 48521, 34058, 75648, 19482, 15054, 75754, 5187, 17656, 96343, 36665, 85269, 31525, 61798, 12253, 25710, 79937, 7271, 85861, 91467, 72217, 31080, 76878, 84584, 12492, 57106, 96245, 6791, 90728, 5151, 82969, 42635, 99337, 95192, 69200, 49459, 29055, 64324, 5705, 84816, 23714, 74116, 19948, 44213, 19454, 7190, 47657, 44399, 6481, 5807, 83137, 9580, 37385, 33706, 35204, 50438, 48878, 42682, 27416, 64424, 64364, 5481, 26227, 26586, 86286, 24452, 26832, 29795, 46224, 84587, 63389, 46953, 90536, 12508, 38491, 97806, 11813, 39665, 53571, 63215, 78767, 8615, 67903, 16398, 53434, 38068, 9130, 69227, 37496, 83925, 51037, 33690, 51474, 73708, 98618, 81977, 91567, 48236, 91726, 52458, 70467, 71151, 65016, 42057, 78821, 60720, 39911, 10628, 73736, 7334, 91868, 76670, 10405, 26019, 55530, 29615, 66057, 55281, 21177, 88239, 70227, 23421, 97104, 6235)
Average QPS expected = 50513
Timestamp start: 1684942142235
Timestamp end: 1684943222667

#type       avg     std     min      p5     p10     p50     p67     p75     p80     p85     p90     p95     p99    p999   p9999      QPS   target
read      363.6   297.0   173.5   236.8   256.0   337.6   366.1   382.1   394.3   408.3   432.2   477.8  1164.2  4414.5 12384.5   7331.8     7434
read      341.8   278.6   160.7   210.5   222.4   300.0   347.4   379.7   406.1   442.6   489.3   547.3   783.8  3240.7 12195.4  67202.0    67201
read      339.0   401.9   160.7   208.9   220.7   297.1   343.4   371.3   393.7   422.3   462.5   523.8   691.4  5459.0 12674.2  86041.4    85927
read      347.7   337.8   160.7   210.6   222.7   302.5   352.7   386.8   415.0   452.8   499.7   559.9   783.2  4213.8 10081.1  63810.4    63953
read      375.1   415.7   160.7   212.9   224.8   313.7   394.3   439.6   468.0   497.6   531.7   581.7  1012.2  5473.4 12567.5  31640.4    31595
read      340.0   282.9   160.7   209.4   221.4   301.4   349.5   378.1   400.6   430.0   469.7   534.8   815.4  4254.4  9319.6  87914.6    87879
read      477.5  1325.2   173.5   229.0   247.4   342.2   379.6   402.1   421.2   443.8   477.2   547.4  4068.1 28072.8 39734.9   7332.4     7287
read      399.0   510.8   148.8   211.2   223.5   311.1   369.3   413.3   451.8   498.8   560.6   794.0  1647.7  6101.2 21294.1  62157.2    62295
read      474.4  1322.8   173.5   234.2   253.6   338.9   372.9   395.3   412.0   432.6   464.4   538.0  3558.8 27217.1 37604.9   6593.8     6561
read      536.5  1192.2   160.7   214.1   227.9   375.5   467.9   532.1   582.5   639.5   711.8   869.0  4076.1 14656.1 36701.9  22299.4    22532
read      345.6   405.8   160.7   210.0   222.2   296.5   345.4   380.8   410.8   448.9   493.3   546.5   772.6  4325.2 13629.8  60652.8    60653
read      348.3   358.2   160.7   211.3   223.5   301.2   352.4   389.5   420.5   458.9   503.6   558.4   757.3  4625.8 12528.7  58994.8    59076
read      353.1   383.3   160.7   210.8   223.1   302.9   354.9   391.0   421.0   458.7   502.9   559.9   853.5  5269.3 11698.1  60033.8    60154
read      395.0   499.7   160.7   212.6   225.2   341.7   412.5   447.1   470.4   498.6   537.9   622.9  1213.1  5733.8 21748.8  22943.2    22964
read      503.4  1336.4   173.5   224.3   240.9   353.2   403.6   431.2   450.5   470.7   504.2   582.0  4523.0 25391.0 37909.3   8134.2     8172
read      465.8   896.1   160.7   211.1   224.2   354.0   435.8   483.0   519.9   575.4   659.0   783.9  2794.3 10892.5 32450.4  27471.2    27652
read      359.1   419.9   160.7   209.2   221.1   302.7   371.6   417.6   448.0   479.6   513.4   562.1   864.7  4956.6 19342.3  37597.6    37594
read      437.5   850.7   160.7   211.1   224.2   345.7   421.5   462.0   492.3   532.1   591.8   687.6  1968.1 10547.3 36774.1  24407.2    24367
read      374.6   566.1   160.7   209.3   221.2   307.1   382.4   426.0   453.6   482.3   514.3   566.0   962.5  8046.3 29207.8  33694.0    33771
read      345.3   283.5   160.7   210.5   222.6   306.3   356.2   385.9   408.3   437.4   478.0   541.9   775.7  4023.0  8548.9  84965.6    84944
read      353.1   485.7   160.7   210.8   223.0   306.7   356.2   386.3   409.1   438.6   479.5   544.1   777.1  5754.3 26646.6  85992.4    85666
read      366.6   335.6   160.7   212.8   224.9   316.0   380.8   421.8   453.0   489.5   533.0   597.7   910.7  3876.3 10989.4  51840.0    51918
read      370.6   404.4   160.7   212.1   224.3   314.8   389.0   433.9   462.9   494.0   529.2   579.5   932.9  4747.9 14728.3  34414.0    34406
read      395.0   540.3   160.7   214.7   226.7   326.2   407.3   448.0   474.1   502.4   537.5   595.4  1600.6  7140.7 28686.4  28651.4    28664
read      363.8   343.5   160.7   212.4   224.7   311.5   381.4   425.5   455.5   487.9   524.7   577.9   847.4  4302.7  9410.3  38389.4    38289
read      440.5   762.7   160.7   216.0   229.6   359.3   429.4   470.0   502.6   545.2   602.5   687.9  2135.9  9534.3 35412.3  20574.6    20658
read      492.5  1159.5   160.7   213.6   227.3   361.0   439.1   479.3   505.2   534.7   572.4   640.1  3961.9 15730.3 36846.2  13758.4    13840
read      346.2   340.6   160.7   208.6   220.8   297.4   341.7   369.8   392.9   423.1   466.0   540.8  1373.3  4395.0 11898.6  93366.6    93419
read      328.3   331.9   160.7   207.3   219.1   292.2   335.1   361.4   381.8   407.3   445.1   504.5   680.2  4358.4 10575.7  98131.8    98284
read      342.0   351.4   160.7   207.9   219.7   295.0   342.2   373.2   399.9   434.4   480.7   542.2   826.6  4544.2  8689.3  71271.8    71313
read      354.0   368.9   160.7   207.7   219.4   297.4   361.3   406.4   438.8   471.8   507.3   554.9   848.5  5766.5 11070.1  42147.4    42089
read      359.5   355.6   160.7   210.3   222.6   307.2   369.3   412.2   444.7   481.0   521.8   576.3   835.1  4059.0 14840.9  46401.6    46458
read      360.5   380.0   160.7   210.0   222.0   310.9   389.1   431.4   457.7   484.8   514.3   557.1   768.6  3928.2 17192.4  30826.6    30755
read      347.1   230.6   160.7   208.7   220.8   300.1   364.9   410.9   443.6   477.6   514.5   564.2   745.6  3030.2  8051.9  42893.4    42889
read      334.4   409.5   148.8   207.4   219.3   293.8   338.1   365.3   386.7   413.9   453.3   513.6   693.1  5253.5 12821.8  93593.2    93552
read      336.0   282.2   160.7   207.2   218.9   293.9   342.3   374.8   402.8   439.2   484.7   541.5   734.7  3531.0 11097.4  65672.8    65694
read      354.1   264.2   160.7   209.8   221.7   309.9   388.4   429.2   453.9   479.2   507.6   547.5   723.8  3136.9 11337.0  29618.4    29574
read      347.1   312.9   160.7   208.0   219.9   297.8   352.9   393.4   425.9   463.1   503.5   554.2   793.9  4121.4  9774.1  51350.6    51355
read      341.6   324.1   160.7   207.6   219.5   296.7   345.7   379.1   406.5   442.5   487.5   546.3   803.9  3947.3 10491.6  67346.2    67361
read      409.0   669.9   160.7   213.7   226.9   352.4   417.8   452.7   478.1   509.7   549.5   616.9  1486.3  5262.2 35870.6  16291.2    16287
read      354.1   426.7   160.7   207.7   219.6   298.5   345.3   375.5   400.9   434.8   482.9   560.2  1410.9  5179.4 13804.8  81773.2    81508
read      333.7   322.9   160.7   207.0   218.6   293.2   338.8   367.4   390.0   419.1   460.0   521.5   755.7  4672.8  8937.2  87910.2    87619
read      337.3   413.1   160.7   208.3   220.3   296.7   340.5   366.4   386.4   411.0   446.1   502.6   693.3  5787.5 15448.0  99289.2    99068
read      375.7   436.0   160.7   211.2   223.4   307.7   367.4   411.4   447.2   486.8   533.0   606.2  1348.1  6075.8 12590.0  51362.4    51267
read      474.9  1191.3   160.7   220.3   234.2   362.3   416.8   446.9   468.3   497.2   535.2   603.0  3385.7 18345.9 36554.1  11869.6    11822
read      361.5   422.9   160.7   210.1   222.2   304.8   349.3   375.2   397.4   426.7   468.9   548.6  1602.1  4894.8 13782.7  97271.4    97494
read      340.0   493.5   160.7   209.7   221.8   300.4   345.2   372.0   393.5   420.3   457.9   519.0   700.8  5637.7 16912.0  97428.8    97350
read      350.9   320.5   160.7   210.2   222.3   302.5   357.6   396.7   429.7   468.7   513.2   569.2   860.8  4101.7 12082.6  55353.2    55460
read      339.8   384.8   160.7   208.8   220.6   297.7   344.1   372.4   395.3   424.8   465.4   528.7   749.7  4466.6 13844.8  85851.6    85984
read      335.5   302.0   160.7   209.1   221.1   297.4   343.3   372.2   396.1   427.3   470.1   532.6   704.4  3866.1 12183.4  81931.2    82043
read      352.6   383.0   160.7   210.0   221.9   301.6   357.7   396.9   429.3   466.5   509.0   563.5   799.0  4369.7 12728.6  52739.0    52873
read      414.7   572.2   173.5   220.9   235.0   366.8   430.4   466.4   492.9   523.8   563.3   626.8  1149.5  5036.2 31738.3  13914.4    13911
read      397.8   488.4   160.7   211.3   223.5   311.4   379.0   430.1   468.6   511.9   567.3   737.4  1585.6  6128.1 17268.3  49865.6    49984
read      444.2  1424.0   173.5   225.1   241.4   352.3   397.0   423.2   441.9   465.0   496.1   547.9  2440.8 15268.1 36375.4   9332.6     9274
read      490.7  1073.7   160.7   213.5   227.0   365.7   451.7   502.4   546.6   613.8   692.3   817.8  3645.4 12101.0 33104.2  27325.4    27187
read      461.6   967.9   160.7   215.8   228.7   359.4   430.3   470.2   502.0   542.3   594.1   676.9  2663.9 12228.6 32098.5  18723.8    18735
read      353.2   550.0   160.7   209.6   221.6   302.0   348.4   376.9   400.4   431.3   474.1   543.3  1081.8  5736.2 17012.1  86380.4    86505
read      335.8   429.4   160.7   209.8   221.7   299.1   344.3   371.9   393.6   421.1   459.7   519.7   687.8  4115.9 12214.5  93051.2    93039
read      346.7   452.0   160.7   209.4   221.2   297.8   345.0   375.1   400.2   433.0   478.5   542.2   839.1  5247.2 17917.1  76034.8    75999
read      380.3   852.8   160.7   212.7   224.4   313.2   392.1   436.7   465.0   493.9   527.3   581.0  1176.7  5448.9 18147.0  32363.4    32324
read      345.5   397.3   160.7   210.6   222.5   302.3   351.3   381.8   404.6   435.3   477.2   539.6   743.0  5201.6 13896.6  84134.8    84255
read      349.8  1006.4   160.7   211.9   223.9   304.7   354.0   385.3   409.8   442.5   486.9   549.4   837.5  3863.0  8104.7  81715.4    81759
read      368.7   790.4   160.7   213.3   224.9   309.1   380.7   427.9   459.6   491.8   526.7   575.6   901.3  4882.8 13853.9  37133.2    37291
read      356.8   653.2   160.7   212.7   224.5   307.0   364.1   402.7   434.5   472.1   516.3   573.1   822.4  3760.0 12281.6  53865.6    53818
read      371.0   299.7   160.7   215.1   226.8   319.6   398.7   440.3   466.2   493.1   524.7   575.3   976.7  3677.1 10611.0  30254.0    30297
read      369.4   296.8   160.7   215.4   226.9   317.0   395.2   440.0   467.7   497.3   530.3   577.7   870.8  4877.8  9254.1  31658.0    31569
read      369.5   359.6   160.7   213.9   225.6   312.2   381.2   427.7   460.2   494.5   532.7   585.7   989.9  4468.1 11629.6  38877.2    38927
read      442.8   920.6   173.5   223.5   238.0   358.3   410.2   439.5   463.1   491.4   529.3   596.8  2667.1 13903.8 35581.0  10705.2    10652
read      383.5   565.5   160.7   213.6   226.4   319.2   366.8   395.4   419.2   451.2   498.4   591.2  1652.0  6733.2 13941.0  98093.8    98119
read      362.3   370.5   160.7   213.3   225.2   308.6   368.5   412.2   447.0   485.4   527.6   582.0   860.3  4364.0 12665.7  48182.2    48176
read      363.9   313.8   160.7   212.4   224.4   308.5   383.5   430.6   461.0   491.8   525.8   575.6   935.4  3755.2 10070.9  34958.8    34929
read      350.2   419.5   160.7   211.3   223.2   304.4   354.7   386.8   412.5   447.3   493.6   554.3   787.3  4463.9 20014.4  69805.2    69735
read      460.4   950.5   173.5   217.7   230.5   362.6   439.4   481.6   513.2   555.0   619.3   725.6  2172.1 14789.4 36837.6  20691.6    20753
read      380.9   478.9   160.7   213.1   225.6   310.0   357.9   387.6   412.0   447.3   498.8   590.1  1690.4  5812.7 19591.0  84767.8    84642
read      362.8   347.4   160.7   213.9   225.9   308.3   371.2   416.4   449.3   484.5   523.6   575.4   926.6  4203.9 10032.6  42383.2    42333
read      346.6   281.6   160.7   211.9   223.9   302.8   353.6   389.0   418.7   456.9   502.4   559.0   791.1  3539.2  8571.3  61560.6    61587
read      345.0   325.1   160.7   210.7   222.7   301.7   349.8   380.3   404.1   437.1   482.4   545.8   824.1  4755.1 10467.0  77912.4    77998
read      337.5   400.8   160.7   209.8   221.8   300.0   345.2   371.7   392.3   417.9   453.9   509.4   653.7  5735.8 13705.0  97480.6    97625
read      449.3   814.2   160.7   214.4   226.8   355.2   432.4   473.8   505.8   548.9   620.6   727.6  2365.5 12315.8 31609.5  23742.6    23781
read      375.3   461.0   160.7   212.7   224.8   312.3   368.2   403.6   434.4   474.1   526.7   611.7  1435.7  5013.5 16107.2  66598.4    66723
read      361.1   272.1   160.7   212.3   224.1   309.6   387.7   431.3   458.4   486.2   516.4   558.5   847.7  4050.6  7884.9  31059.8    31016
read      353.9   383.0   160.7   210.6   222.4   301.5   358.9   400.9   435.4   473.1   513.8   564.9   904.3  3873.2 13855.1  47457.4    47394
read      355.2   429.8   160.7   212.9   225.2   312.1   361.5   391.0   413.8   442.9   482.7   546.3   768.7  5105.5 17722.1  95358.8    95335
read      452.7  1319.5   173.5   239.5   260.4   332.7   361.2   377.4   392.1   408.5   435.5   499.4  3172.1 29924.5 36451.0   5285.4     5252
read      362.6   362.7   160.7   211.1   223.1   305.9   357.5   391.5   420.6   459.5   509.0   584.4  1365.3  4262.6  9376.0  65693.0    65908
read      436.1   692.8   173.5   217.6   229.8   361.3   429.4   466.1   496.5   537.2   597.0   691.2  2285.8  5601.4 31648.9  16899.6    16889
read      383.4   624.5   160.7   210.6   222.6   305.6   370.2   417.8   452.1   488.9   530.7   594.1  1293.5  8461.2 30720.2  42937.8    42912
read      332.5   310.4   160.7   209.6   221.5   297.9   342.1   368.2   388.3   413.2   449.1   504.9   689.4  3974.9  9835.1 100012.0    99898
read      371.0   404.1   160.7   214.0   225.7   319.8   399.4   437.1   460.7   485.6   512.8   556.6   873.2  4870.9 13774.5  26420.2    26385
read      459.1   891.1   160.7   216.0   228.7   360.0   438.2   480.8   512.8   558.6   630.6   733.6  2188.8 13651.4 31723.6  22603.4    22616
read      380.0   476.6   160.7   212.8   224.9   311.7   371.8   414.1   447.9   487.4   533.5   606.0  1301.6  7061.1 19506.0  50519.6    50605
read      338.4   306.4   160.7   210.2   222.2   299.3   345.1   372.8   395.5   424.3   464.1   527.4   734.2  4451.0  9426.2  90125.8    90283
read      409.5   809.8   160.7   213.3   225.2   325.3   406.0   444.0   467.5   493.8   527.2   594.3  1613.7 10181.9 32509.5  26256.2    26273
read      346.7   231.3   160.7   210.7   222.6   301.8   358.3   399.7   433.3   470.7   510.9   562.6   747.8  3155.4  7683.9  48571.8    48521
read      361.3   357.5   160.7   211.3   223.1   306.0   381.4   427.4   456.2   486.1   519.1   564.0   806.4  5276.4 13738.4  34157.8    34058
read      338.4   257.8   160.7   210.0   221.9   299.4   346.3   375.6   399.8   431.9   476.1   539.4   711.1  4247.1  7070.8  75673.2    75648
read      448.6   858.9   160.7   215.1   227.8   355.1   427.6   466.4   496.9   537.2   593.8   684.2  2570.1 12498.5 33315.8  19566.2    19482
read      476.1  1064.5   173.5   216.5   230.0   367.2   452.2   499.8   530.6   563.6   603.6   677.3  3276.3  9842.0 46853.9  15056.4    15054
read      360.0   388.4   160.7   210.0   222.0   302.2   351.3   383.7   411.1   448.9   500.5   580.3  1435.3  4254.0 13182.7  75599.8    75754
read      424.9  1146.3   173.5   241.0   261.1   333.2   361.9   377.9   392.0   407.2   433.9   487.2  2541.8 17910.1 37715.7   5255.6     5187
read      520.7  1199.3   160.7   216.0   229.6   368.5   455.6   510.7   547.4   588.8   639.7   733.9  4330.5 15207.6 36978.6  17587.0    17656
read      369.3   399.3   160.7   212.4   224.6   313.2   361.6   390.1   412.1   441.3   485.3   565.0  1615.3  5363.2 16393.4  96321.2    96343
read      367.5   480.5   160.7   210.7   222.5   304.2   373.9   421.3   452.2   483.8   518.8   568.3  1051.1  5728.3 15867.7  36671.6    36665
read      326.2   271.1   160.7   207.3   219.0   292.5   336.9   364.2   385.9   414.3   455.9   517.5   681.8  2837.0 10497.9  85310.8    85269
read      358.5   323.2   160.7   210.8   222.7   306.9   384.5   428.8   456.1   484.2   514.6   555.5   758.2  4798.3  8426.2  31591.2    31525
read      341.5   244.9   160.7   209.4   221.4   300.7   351.9   387.8   417.2   454.7   499.5   557.0   733.2  3131.5  9398.6  61560.2    61798
read      418.0   812.3   173.5   217.3   229.8   349.8   403.2   433.5   456.4   483.0   517.6   574.2  2079.5 10168.4 31835.5  12289.6    12253
read      465.6   792.1   160.7   211.0   224.6   367.6   454.8   513.8   562.7   618.1   676.4   772.0  1981.5 11277.2 31602.5  25772.4    25710
read      336.0   294.6   160.7   208.0   219.8   295.0   340.7   369.5   393.6   425.4   469.6   536.2   964.7  3256.6  8759.2  80008.4    79937
read      407.2   920.8   173.5   228.4   245.8   336.5   371.8   393.5   409.0   430.1   458.8   505.7  1987.8  9860.3 32178.4   7454.6     7271
read      352.0   402.8   148.8   207.6   219.4   296.9   341.0   368.3   391.4   423.6   470.8   549.1  1536.3  4136.5 14373.8  85733.2    85861
read      323.0   260.0   160.7   206.8   218.3   290.2   333.2   359.4   379.3   405.0   444.4   504.5   654.1  3268.3  9184.8  91412.8    91467
read      337.5   343.4   160.7   208.4   220.2   295.0   341.0   371.3   397.2   431.9   478.2   540.7   748.6  4061.1 11191.1  72403.6    72217
read      352.1   309.2   160.7   209.8   221.6   303.5   380.6   423.5   449.8   476.2   504.9   543.7   696.3  4918.1  9909.1  31244.2    31080
read      331.5   352.4   160.7   207.1   218.6   292.2   336.9   365.2   388.6   420.1   464.3   524.8   679.6  3763.6 10523.4  76724.6    76878
read      327.2   247.2   160.7   207.2   218.8   291.6   335.9   363.1   384.9   413.9   456.2   518.6   687.3  3432.7  7831.9  84460.4    84584
read      425.5   890.5   160.7   216.4   229.3   350.0   403.7   434.4   458.0   486.1   523.1   581.7  1886.4 13538.4 35423.6  12518.0    12492
read      357.8   430.8   160.7   209.3   221.4   301.7   356.0   393.8   425.6   464.1   510.4   574.1  1133.5  4956.8 16742.7  57095.8    57106
read      325.2   283.1   160.7   207.1   218.7   291.8   335.3   361.4   381.2   406.1   444.0   503.0   656.2  3408.0 12163.6  96289.6    96245
read      389.6   766.2   173.5   231.5   249.7   332.7   365.7   385.7   400.5   420.5   445.8   490.3  1552.8  8636.0 32036.0   6863.4     6791
read      352.8   422.9   160.7   207.9   219.8   297.5   342.2   369.7   392.6   423.1   467.7   544.1  1528.0  4637.4 12655.1  90356.4    90728
read      383.5   757.0   173.5   237.0   256.0   323.5   351.2   367.5   379.6   396.3   421.0   467.2  1678.7  8170.1 31983.4   5143.0     5151
read      349.0   392.8   160.7   207.9   219.8   297.3   343.1   371.7   395.8   427.7   472.3   543.1  1435.8  4232.3 13539.4  82962.8    82969
read      347.7   341.8   160.7   209.1   221.0   297.4   358.4   403.0   436.6   471.1   507.8   553.2   710.9  4019.1 11908.3  42687.4    42635
read      329.7   299.1   160.7   208.5   220.4   296.1   339.9   365.9   386.0   411.2   448.1   507.4   677.4  3644.0 10187.6  99376.6    99337
read      320.9   247.3   160.7   206.8   218.1   290.5   332.7   357.9   376.6   401.6   437.3   496.8   632.6  3330.8  7275.7  95466.4    95192
read      339.7   398.2   160.7   208.3   220.1   295.2   341.6   371.8   397.9   432.8   479.6   540.2   762.5  3807.4 18267.7  69229.2    69200
read      341.1   226.4   160.7   208.9   220.8   297.2   352.6   394.4   427.7   465.0   505.5   553.0   718.3  2881.3  7851.9  49529.0    49459
read      354.3   277.9   160.7   210.8   222.7   308.9   387.8   428.4   453.5   479.3   507.4   547.4   734.1  3087.4  8543.9  29082.4    29055
read      336.9   336.5   148.8   207.7   219.4   293.6   341.4   373.7   401.7   438.7   485.9   542.8   707.7  4516.3 10855.8  64120.6    64324
read      440.9  1201.6   173.5   235.0   254.4   329.2   358.7   374.6   390.1   406.3   433.1   490.8  3221.3 21562.4 36592.1   5739.8     5705
read      338.6   271.1   160.7   208.4   220.2   295.5   340.6   369.2   393.2   425.0   469.4   540.1  1079.7  3518.4  8006.6  84753.8    84816
read      427.7   795.2   160.7   211.4   224.0   348.2   424.4   464.6   495.1   536.0   596.8   691.2  1391.6 14334.6 31351.0  23687.2    23714
read      337.1   280.1   160.7   208.3   220.1   295.4   342.1   372.8   399.0   433.7   481.6   545.2   927.0  3119.2  9083.8  74155.8    74116
read      422.2   716.3   160.7   215.2   228.1   354.2   425.5   464.3   493.4   530.9   584.4   668.5  1392.6  9227.4 36526.0  20059.4    19948
read      361.9   450.3   160.7   211.3   223.6   303.5   364.8   409.4   442.7   478.6   517.2   571.4   990.9  5426.5 16567.7  44171.6    44213
read      421.2   658.6   160.7   214.9   227.8   352.5   422.6   460.6   489.4   526.8   582.6   670.3  1575.5  8401.3 29995.0  19506.6    19454
read      461.3  1186.9   173.5   227.3   245.1   345.8   390.4   415.2   431.9   452.6   477.7   529.4  3547.0 16879.4 42854.1   7106.4     7190
read      369.1   571.7   160.7   208.7   220.6   300.2   357.4   400.3   434.2   471.5   513.6   573.6  1232.5  7901.7 30158.9  47527.0    47657
read      352.2   278.4   160.7   210.6   222.8   305.0   366.6   412.0   446.4   483.1   523.1   576.1   757.3  3028.7  8638.1  44488.6    44399
read      460.5  1338.6   173.5   231.6   250.0   332.0   364.8   384.5   399.1   418.8   445.0   501.6  3467.5 29388.8 36757.8   6516.2     6481
read      430.0  1034.3   173.5   231.1   250.3   334.2   369.6   390.0   403.6   423.1   447.6   496.3  2742.0 13888.6 32251.6   5810.6     5807
read      358.2   359.5   160.7   209.0   221.1   302.0   348.4   378.2   403.0   437.6   488.9   570.8  1527.7  4976.4 12202.9  83216.6    83137
read      409.4   687.7   173.5   224.9   240.5   345.7   392.2   420.6   441.8   469.1   504.3   559.0  1849.1 10357.2 29873.3   9517.2     9580
read      374.3   514.8   160.7   210.0   222.1   307.7   379.3   426.3   457.6   490.1   527.2   586.7  1058.0  7079.9 26646.6  37198.4    37385
read      349.3   280.4   160.7   209.6   221.4   301.6   375.5   420.4   448.8   477.7   508.1   548.3   727.2  2936.7 10588.4  33910.8    33706
read      351.2   272.5   160.7   209.7   221.5   301.1   372.9   420.7   451.0   481.9   515.1   557.1   746.0  3584.9  8757.7  35102.4    35204
read      345.8   380.9   160.7   208.3   220.3   297.6   351.7   392.6   425.3   463.0   504.3   554.9   711.7  3391.3 14996.4  50459.0    50438
read      339.3   198.8   160.7   208.7   220.6   296.7   351.7   394.3   428.2   465.9   506.5   554.7   722.8  2820.3  7838.9  48979.8    48878
read      345.9   268.4   160.7   208.7   220.5   297.9   359.2   403.9   436.3   470.8   507.7   552.4   719.9  3509.5  8557.3  42586.6    42682
read      357.0   293.5   160.7   211.1   223.1   313.3   391.6   430.3   454.3   479.3   506.3   545.9   735.2  3277.7  9236.4  27462.6    27416
read      337.8   288.6   160.7   208.6   220.5   296.8   344.1   376.4   403.7   440.5   487.1   543.8   706.0  3404.2 12055.7  64545.2    64424
read      337.8   266.2   160.7   208.7   220.6   297.0   344.8   378.1   405.7   443.6   490.3   547.2   686.7  3683.2  7456.9  64265.0    64364
read      400.7   818.0   173.5   237.9   257.3   332.2   363.0   380.7   394.6   411.8   437.5   495.7  2096.3  9603.0 35381.0   5455.8     5481
read      364.7   233.7   160.7   216.4   229.9   337.3   399.5   431.4   451.9   472.8   501.4   547.9   756.1  3178.6  7727.7  26190.2    26227
read      352.5   192.0   160.7   214.4   228.1   330.8   393.3   424.7   444.5   464.5   489.3   524.4   617.4  1498.9  9121.3  26585.4    26586
read      311.8   143.5   160.7   205.4   216.4   288.1   331.2   357.6   377.1   402.7   437.7   489.1   577.8  1354.6  4347.3  86299.2    86286
read      346.7   197.4   160.7   213.5   225.9   322.0   393.5   424.2   442.9   461.5   484.0   513.6   593.3  1278.2  7649.8  24494.0    24452
read      343.2   170.2   160.7   211.4   224.1   315.5   389.8   424.4   444.9   464.9   488.2   517.7   589.9  1083.0  5638.8  26857.6    26832
read      343.2   250.4   160.7   210.2   222.8   310.3   382.5   419.7   441.8   463.0   487.6   519.6   593.9  1489.4 12140.5  29827.8    29795
read      332.1   228.9   160.7   207.3   219.6   299.7   354.3   393.0   421.6   451.4   482.6   520.7   593.9  1877.6  8515.8  46216.0    46224
read      310.8   173.6   160.7   205.0   215.7   286.6   329.8   356.4   376.3   402.6   438.1   488.2   566.1  1193.8  6236.5  84446.2    84587
read      321.6   398.1   160.7   206.1   217.9   293.9   341.7   372.7   398.3   429.7   466.7   509.0   585.5  1062.8  6011.2  63400.0    63389
read      329.9   153.4   160.7   207.4   219.6   298.5   354.0   393.0   422.1   453.1   485.2   524.1   602.1  1188.1  6614.8  46810.4    46953
read      308.5   129.1   160.7   205.0   215.8   286.2   328.6   354.5   373.5   398.5   432.1   481.4   561.5  1029.1  3763.2  90779.4    90536
read      349.2   195.6   160.7   224.0   238.9   345.0   383.5   401.3   414.6   428.9   448.0   476.0   552.2  1558.4  9320.1  12493.2    12508
read      340.8   167.4   160.7   210.2   223.2   315.6   372.3   408.4   433.4   459.2   487.3   523.9   612.1  1321.3  7312.7  38402.6    38491
read      307.5   145.3   160.7   205.2   216.0   285.0   325.6   350.0   369.2   393.5   426.6   476.0   568.1  1143.2  6042.0  98023.2    97806
read      350.3   252.1   160.7   223.1   238.2   339.4   375.3   392.7   403.5   418.8   434.6   464.5   545.6  4195.1 10138.6  11807.4    11813
read      341.3   184.5   160.7   210.3   223.6   317.1   371.8   406.0   430.8   456.6   484.9   522.0   607.5  1347.6  8960.5  39579.4    39665
read      334.0   163.7   160.7   208.7   221.4   308.7   360.0   392.5   417.5   446.8   480.7   522.8   610.3  1363.3  6849.1  53496.8    53571
read      328.1   192.4   160.7   207.0   219.3   297.9   347.8   380.7   406.3   438.3   476.8   524.2   618.0  1440.3  9120.0  63186.8    63215
read      314.8   126.9   160.7   205.9   217.3   290.0   334.4   362.3   384.3   412.3   451.1   501.6   589.5   894.2  4794.3  79047.8    78767
read      351.6   277.0   173.5   231.5   249.7   338.4   367.2   382.5   393.5   404.5   425.5   459.3   549.1  4510.4 10126.3   8671.4     8615
read      328.3   151.3   160.7   208.3   220.6   303.8   352.7   382.9   405.1   434.2   469.7   514.1   600.3  1355.6  5944.9  67869.4    67903
read      352.2   268.6   160.7   219.0   230.6   342.0   392.0   414.1   428.3   444.5   463.9   495.5   574.5  2792.0 11043.5  16362.2    16398
read      326.9   146.0   160.7   207.3   219.5   297.8   348.7   383.9   411.5   443.9   479.0   520.8   594.5  1174.5  6213.8  53300.2    53434
read      341.3   212.0   160.7   209.5   222.0   306.9   370.8   413.2   440.7   467.6   496.4   535.5   629.9  1370.2 10531.2  37929.6    38068
read      349.9   334.6   173.5   230.2   247.5   336.7   367.0   382.9   393.8   404.7   424.6   453.8   535.5  4385.3 14170.2   9207.4     9130
read      324.8   170.2   160.7   207.2   219.4   300.5   347.8   377.0   399.4   427.7   462.8   506.6   590.4  1274.8  7077.0  69290.6    69227
read      334.7   180.4   148.8   208.1   220.7   304.1   365.7   406.1   432.4   457.9   484.8   517.6   589.2  1266.0  6690.5  37562.6    37496
read      315.2   168.3   160.7   205.5   216.6   289.8   335.0   362.4   383.1   409.0   444.7   493.7   579.9  1287.3  7584.7  83910.2    83925
read      326.9   175.0   160.7   206.9   219.2   298.0   349.3   385.6   413.5   445.3   478.8   517.4   589.3  1201.9  6095.8  51161.0    51037
read      341.3   217.3   160.7   209.8   222.2   307.1   375.6   415.9   440.5   464.3   490.9   526.9   613.4  2143.4  9060.8  33692.0    33690
read      325.7   159.5   160.7   206.8   218.9   297.1   348.0   383.7   411.4   442.8   476.1   516.0   592.3   916.2  6887.7  51397.4    51474
read      319.8   147.3   160.7   206.4   218.4   292.6   338.9   368.5   392.7   423.5   462.9   511.9   597.0  1232.6  5128.8  74004.8    73708
read      306.9   174.4   160.7   205.2   215.7   284.9   325.6   349.9   368.6   391.7   422.8   469.4   551.7  1099.2  7857.1  98550.8    98618
read      316.7   166.3   160.7   206.2   217.9   290.6   335.1   362.9   384.7   412.5   450.1   500.2   588.8  1309.3  7568.8  81842.2    81977
read      310.6   134.8   160.7   205.5   216.5   287.6   330.6   356.6   375.9   400.8   434.3   483.9   570.6  1235.3  5568.6  91473.0    91567
read      330.7   176.7   160.7   207.3   219.6   298.7   353.5   392.2   421.4   452.4   484.6   523.8   605.4  1424.6  7172.8  48323.0    48236
read      308.4   145.9   148.8   205.0   215.6   284.9   326.7   352.4   371.9   397.3   431.7   481.9   569.2  1223.9  5941.7  91659.4    91726
read      329.0   174.5   160.7   207.1   219.4   297.7   350.6   387.5   416.0   447.9   482.9   525.8   612.2  1285.0  7190.9  52474.4    52458
read      318.9   151.5   160.7   206.2   218.0   292.4   339.0   368.9   393.3   424.2   462.4   508.6   586.7  1011.7  6566.2  70340.2    70467
read      320.1   153.8   160.7   206.3   218.2   292.7   339.3   369.1   393.3   424.2   462.8   509.3   592.9  1291.8  7478.1  71042.2    71151
read      321.0   148.9   160.7   206.3   218.1   292.7   339.8   370.8   396.9   430.0   469.7   515.9   596.5  1270.4  5212.5  64780.0    65016
read      333.6   165.0   160.7   208.0   220.5   300.8   360.7   402.6   431.7   460.5   490.4   528.5   609.4  1077.7  6958.0  42154.6    42057
read      318.6   183.0   160.7   206.8   219.1   292.1   337.7   366.1   388.8   417.6   456.2   506.2   591.3  1082.3  7203.0  78776.4    78821
read      330.7   161.6   160.7   209.3   222.2   300.6   350.2   383.7   410.6   444.3   482.5   528.4   619.4  1485.7  7711.3  60707.8    60720
read      341.9   264.7   160.7   211.4   224.4   310.8   372.2   413.0   440.7   468.0   496.6   533.0   600.6  1005.0  9220.3  39885.4    39911
read      356.2   268.3   160.7   229.0   245.8   344.4   377.7   394.3   404.8   420.4   436.1   468.4   569.0  3982.8 10526.0  10671.2    10628
read      321.8   146.3   160.7   207.0   219.2   296.5   343.7   372.6   395.9   425.1   461.6   507.0   593.6  1173.5  5723.1  73853.0    73736
read      351.5   305.2   173.5   236.5   255.3   333.1   359.6   372.6   384.1   396.9   415.3   449.7   566.1  5196.5 11466.8   7334.2     7334
read      310.1   123.2   160.7   205.6   216.5   287.1   330.4   356.5   375.9   400.9   434.5   483.1   571.0  1234.2  4125.8  91672.6    91868
read      316.6   154.3   160.7   206.0   217.4   290.4   336.1   365.0   387.9   416.7   454.4   502.3   588.0  1234.5  6271.9  76743.4    76670
read      354.0   354.3   160.7   226.4   242.9   340.4   372.7   389.2   399.7   413.3   429.8   458.6   536.4  6722.0 13772.5  10392.4    10405
read      350.2   194.9   160.7   214.8   228.9   332.1   389.6   419.9   438.9   458.3   480.4   509.1   584.5  1026.4  9484.6  26126.8    26019
read      336.7   171.3   160.7   209.0   221.9   315.2   367.2   397.2   420.1   446.4   476.7   516.6   599.5  1260.9  7820.5  55514.6    55530
read      349.0   182.3   160.7   212.7   226.2   326.2   387.0   420.3   441.5   462.9   488.0   522.3   606.7  1629.6  7717.8  29784.4    29615
read      327.1   149.0   160.7   207.3   219.5   300.7   350.7   381.7   404.9   435.3   471.5   516.2   604.5  1414.1  5745.1  66075.0    66057
read      326.6   167.9   160.7   206.5   218.5   296.7   346.8   381.7   408.8   441.4   477.0   518.5   593.6  1560.7  6315.4  55309.2    55281
read      347.9   239.1   160.7   214.4   226.9   327.6   391.6   418.1   434.4   452.3   470.6   501.9   579.0  3218.7 10377.4  21090.0    21177
read      309.5   339.8   148.8   205.0   215.6   285.9   328.9   354.9   374.2   399.6   433.7   482.6   561.1  1016.8  5644.7  87624.2    88239
read      320.1   159.5   160.7   206.2   218.0   292.4   339.2   369.1   393.4   424.2   462.2   507.7   588.9  1393.0  7614.3  70374.2    70227
read      346.4   173.4   160.7   213.3   226.0   322.8   394.7   424.6   442.9   461.4   483.5   511.2   589.0  1427.4  8197.7  23460.2    23421
read      307.6   146.3   160.7   205.2   216.0   285.3   326.9   351.9   370.6   394.5   426.7   474.4   564.5  1201.3  6084.1  97027.4    97104
read      342.8   335.3   173.5   236.9   256.0   324.3   347.0   360.9   369.6   381.5   397.8   430.5   540.4  4305.2 14452.4   6196.0     6235

Total QPS = 50507.4 (54548004 / 1080.0s)

Total connections = 64
Misses = 0 (0.0%)
Skipped TXs = 0 (0.0%)

RX 13473356741 bytes :   11.9 MB/s
TX          0 bytes :    0.0 MB/s
Warning! Detected max cpu usage > 95%
CPU Usage Stats (avg/min/max): 99.96%,50.25%,100.00%