   #type    avg    std    min     p5    p10    p50    p67    p75    p80    p85    p90    p95     p99    p999    p9999      QPS  target       ts_start         ts_end
0   read  283.2  199.0  160.7  194.2  204.3  265.0  297.4  316.3  330.2  345.5  366.3  395.4   468.5  2472.3   8563.4  29922.6   30000  1683871509966  1683871520106
1   read  283.8  233.6  148.8  193.5  203.7  262.7  294.5  313.3  327.1  344.1  368.2  402.0   480.8  2843.9   9211.2  30004.1   30005  1683871521615  1683871531736
2   read  277.7  201.9  148.8  193.2  203.0  257.4  289.5  308.3  321.2  339.0  361.7  395.0   468.4  2350.5   9115.0  30072.8   30010  1683871533246  1683871543356
3   read  279.7  194.8  160.7  195.4  205.2  259.7  290.7  309.2  322.1  339.9  363.0  397.1   469.7  2351.5   8491.0  29895.0   30015  1683871544866  1683871554977
4   read  278.4  205.4  160.7  193.0  202.8  257.3  289.9  309.1  322.5  340.6  363.8  396.9   470.7  2412.0  10244.5  30056.1   30020  1683871556485  1683871566597
5   read  279.6  228.7  160.7  193.2  203.1  257.6  289.6  308.4  321.4  339.6  363.1  397.3   469.9  2864.7  10649.9  30128.7   30025  1683871568105  1683871578213
6   read  274.7  234.1  148.8  192.7  202.1  252.2  283.2  301.3  315.0  332.0  354.0  387.4   465.4  3050.1  10425.0  30112.7   30030  1683871579722  1683871589832
7   read  284.6  214.8  148.8  195.2  205.2  264.2  296.9  316.2  330.7  347.1  370.1  402.0   471.8  2724.2   8914.1  30119.6   30035  1683871591342  1683871601452
8   read  277.4  204.9  148.8  192.2  201.8  256.1  288.2  307.3  320.5  338.4  360.6  393.3   471.7  2604.7   9360.1  29896.9   30040  1683871602960  1683871613078
9   read  281.4  240.2  148.8  191.9  201.7  258.7  292.2  312.3  327.1  344.9  368.2  400.2   484.7  2824.8  11074.8  29991.2   30045  1683871614588  1683871624691
10  read  279.7  237.3  148.8  192.8  202.7  257.1  288.8  307.6  320.7  338.9  361.8  395.2   478.7  2976.2  10907.2  30036.1   30050  1683871626198  1683871636307
11  read  282.1  215.6  160.7  194.7  204.8  261.1  293.1  312.1  325.8  342.7  365.8  398.7   475.4  2483.3   9410.0  30069.4   30055  1683871637818  1683871647922
12  read  274.6  192.1  148.8  192.4  202.2  253.7  284.2  302.5  316.4  334.2  357.0  391.0   475.0  2350.4   8939.6  30089.3   30060  1683871649430  1683871659539
13  read  279.5  203.1  148.8  192.6  202.5  258.6  291.5  310.7  324.2  341.9  365.4  399.1   490.9  2013.7   9467.6  30036.8   30065  1683871661046  1683871671158
14  read  289.2  232.4  160.7  196.3  206.2  261.9  294.1  314.2  329.6  347.8  373.3  413.0   558.3  3593.4   8591.3  30056.1   30070  1683871672669  1683871682774
15  read  288.7  241.7  160.7  196.3  206.3  263.0  294.9  314.4  329.2  346.7  371.9  409.2   558.6  2883.3  11195.0  30076.2   30075  1683871684285  1683871694391
16  read  302.6  312.3  148.8  197.0  206.6  262.5  296.2  317.6  334.9  355.8  384.1  434.8   857.3  4968.9  10705.2  30038.0   30080  1683871695902  1683871706018
17  read  310.5  349.6  148.8  195.1  205.2  262.9  298.1  321.0  339.4  361.5  391.3  454.1  1233.4  5883.5  11293.8  30012.8   30085  1683871707525  1683871717642
18  read  282.6  234.4  160.7  196.0  205.1  254.6  286.0  305.0  318.9  337.6  361.4  396.6   570.8  2685.7  10245.9  30102.6   30090  1683871719150  1683871729255
19  read  285.5  277.2  160.7  195.8  205.0  254.7  287.0  306.9  321.1  340.8  365.5  402.7   652.0  2932.0  13212.0  30120.7   30095  1683871730766  1683871740874
20  read  292.1  346.8  148.8  194.4  204.0  253.7  284.8  304.1  318.4  337.4  362.0  399.4   903.3  4492.6  14808.6  29987.6   30100  1683871742385  1683871752494
21  read  284.0  226.9  148.8  194.6  204.5  258.9  290.7  309.8  323.3  341.7  365.9  401.1   547.3  3470.5   8774.7  30071.9   30105  1683871754001  1683871764114
22  read  294.6  300.3  148.8  196.6  206.5  263.2  295.0  314.4  329.1  346.5  371.0  406.6   587.4  4760.4   8789.0  30078.5   30110  1683871765622  1683871775723
23  read  286.4  325.9  148.8  193.9  203.8  254.9  286.3  305.4  318.9  337.2  360.7  395.9   504.1  5195.6  12320.7  30087.1   30115  1683871777231  1683871787334
24  read  286.5  284.9  148.8  195.7  205.6  258.2  288.8  307.7  321.0  339.7  363.4  398.1   503.5  4209.8  11788.0  30158.8   30120  1683871788845  1683871798948
25  read  298.8  332.5  160.7  198.1  207.9  266.1  298.2  318.0  333.6  351.7  375.8  414.3   584.9  4987.6  12860.2  30162.1   30125  1683871800462  1683871810571
26  read  295.2  319.6  148.8  194.8  204.9  264.3  298.3  317.4  332.3  349.4  372.8  406.2   519.0  5074.0  11066.3  30168.2   30130  1683871812080  1683871822180
27  read  290.3  306.8  148.8  195.2  205.5  261.4  292.5  311.4  325.1  343.1  367.1  401.7   520.3  5133.9  11180.9  30149.5   30135  1683871823690  1683871833796
28  read  284.8  197.5  148.8  194.9  205.3  263.9  296.1  315.3  329.9  346.6  370.3  403.6   497.1  2496.8   8388.5  30107.8   30140  1683871835306  1683871845412
