Random waveform, supplied seed
Total number of intervals = 180 (7434, 67201, 85927, 63953, 31595, 87879, 7287, 62295, 6561, 22532, 60653, 59076, 60154, 22964, 8172, 27652, 37594, 24367, 33771, 84944, 85666, 51918, 34406, 28664, 38289, 20658, 13840, 93419, 98284, 71313, 42089, 46458, 30755, 42889, 93552, 65694, 29574, 51355, 67361, 16287, 81508, 87619, 99068, 51267, 11822, 97494, 97350, 55460, 85984, 82043, 52873, 13911, 49984, 9274, 27187, 18735, 86505, 93039, 75999, 32324, 84255, 81759, 37291, 53818, 30297, 31569, 38927, 10652, 98119, 48176, 34929, 69735, 20753, 84642, 42333, 61587, 77998, 97625, 23781, 66723, 31016, 47394, 95335, 5252, 65908, 16889, 42912, 99898, 26385, 22616, 50605, 90283, 26273, 48521, 34058, 75648, 19482, 15054, 75754, 5187, 17656, 96343, 36665, 85269, 31525, 61798, 12253, 25710, 79937, 7271, 85861, 91467, 72217, 31080, 76878, 84584, 12492, 57106, 96245, 6791, 90728, 5151, 82969, 42635, 99337, 95192, 69200, 49459, 29055, 64324, 5705, 84816, 23714, 74116, 19948, 44213, 19454, 7190, 47657, 44399, 6481, 5807, 83137, 9580, 37385, 33706, 35204, 50438, 48878, 42682, 27416, 64424, 64364, 5481, 26227, 26586, 86286, 24452, 26832, 29795, 46224, 84587, 63389, 46953, 90536, 12508, 38491, 97806, 11813, 39665, 53571, 63215, 78767, 8615, 67903, 16398, 53434, 38068, 9130, 69227)
Average QPS expected = 49317
Timestamp start: 1684884564486
Timestamp end: 1684886364923

#type       avg     std     min      p5     p10     p50     p67     p75     p80     p85     p90     p95     p99    p999   p9999      QPS   target
read      449.1   603.3   173.5   258.1   283.8   409.0   450.7   473.0   492.5   513.4   544.5   597.7  1081.7  8701.1 27160.7   7401.3     7434
read      379.4   415.3   160.7   220.6   233.2   323.6   389.4   431.1   463.8   503.9   553.4   622.9   899.7  5250.5 15938.4  67202.3    67201
read      383.0   415.5   160.7   222.8   236.9   333.6   392.6   428.3   456.0   490.0   535.4   607.0   939.0  5631.6 14277.6  85934.7    85927
read      390.0   397.5   160.7   221.3   234.3   330.1   399.2   444.0   479.4   522.3   573.8   643.1  1053.1  4668.9 13853.8  63921.7    63953
read      418.0   409.9   173.5   222.3   236.3   356.6   461.8   515.1   546.2   578.9   616.8   674.3  1020.0  4086.5 15793.2  31540.6    31595
read      385.5   455.4   160.7   222.2   236.1   332.2   391.5   427.0   454.7   488.8   534.6   609.8  1055.3  5682.2 15722.8  87996.2    87879
read      526.6  1484.0   173.5   244.1   268.0   404.7   454.6   482.3   502.1   527.8   562.8   639.1  3611.3 28651.8 39900.8   7352.7     7287
read      386.2   420.1   160.7   218.8   230.3   322.8   393.4   438.4   475.0   519.1   570.2   640.4  1091.4  5504.3 14203.8  62315.1    62295
read      514.9  1264.0   173.5   247.4   272.5   403.1   452.6   479.8   499.1   523.2   555.9   624.9  3644.2 28300.3 39402.3   6550.8     6561
read      441.1   559.5   173.5   223.4   238.0   385.0   481.2   521.4   546.4   575.4   610.5   670.0  1256.7  7449.3 29519.8  22533.7    22532
read      387.8   389.7   160.7   220.3   232.6   328.2   400.8   448.2   485.2   528.8   579.2   648.6   995.8  4690.9 14042.2  60582.9    60653
read      415.5   467.2   160.7   224.4   239.0   346.0   425.1   474.9   513.8   558.2   612.1   690.6  1242.9  5909.8 18926.5  59145.2    59076
read      414.5   494.0   173.5   223.2   237.3   344.0   422.8   472.4   510.8   554.8   608.8   690.5  1241.8  5521.2 25233.7  60141.4    60154
read      443.5   567.3   160.7   223.9   238.5   382.6   481.9   522.1   547.2   576.2   611.2   671.3  1599.4  7176.6 26581.2  22892.6    22964
read      557.4  1471.2   173.5   240.8   263.0   414.1   471.0   501.2   522.8   546.8   582.6   649.8  4330.0 29276.9 40361.4   8214.4     8172
read      426.2   450.7   173.5   221.7   235.6   365.2   472.1   518.8   546.8   577.2   614.1   674.0  1114.8  5468.0 15531.4  27517.5    27652
read      408.4   411.6   173.5   219.8   232.3   339.7   437.6   497.4   534.1   571.0   612.1   674.5  1072.0  4749.9 13729.8  37395.9    37594
read      421.1   431.4   173.5   221.3   234.9   370.3   473.9   516.3   542.1   571.2   605.1   657.1   992.4  4925.7 15685.0  24370.2    24367
read      415.0   439.9   160.7   220.1   232.7   346.9   451.7   509.0   542.8   576.8   616.4   677.6  1053.4  5412.9 17003.3  33747.2    33771
read      373.1   412.5   160.7   219.9   232.2   322.3   381.2   417.4   445.2   479.5   525.5   593.2   848.3  5732.9 13783.2  84956.2    84944
read      368.4   408.0   160.7   218.9   230.4   316.9   373.8   409.6   437.2   472.2   519.4   589.3   871.1  5497.0 15379.4  85653.3    85666
read      397.2   408.6   160.7   220.4   233.0   334.8   414.3   466.6   507.2   551.1   600.6   668.9  1026.3  4327.2 15580.6  52005.5    51918
read      411.3   376.7   160.7   220.0   232.5   346.0   450.6   507.4   541.4   576.2   615.9   675.4   988.9  4992.6 10558.7  34391.4    34406
read      415.6   427.7   160.7   219.7   232.4   353.9   463.6   512.7   542.2   572.8   607.7   661.9   996.9  5148.0 15586.0  28650.8    28664
read      404.7   399.1   160.7   218.3   230.1   337.4   432.2   491.1   527.4   563.9   604.4   664.3  1070.8  4787.9 13347.7  38327.9    38289
read      418.7   408.7   160.7   222.1   236.0   384.0   472.1   507.4   530.4   554.7   585.8   635.9   943.2  5239.3 13708.4  20698.8    20658
read      440.0   639.5   173.5   230.0   246.5   405.4   464.6   493.4   512.5   536.9   567.7   619.3  1450.8  7248.5 31668.3  13776.3    13840
read      385.0   497.6   160.7   220.9   234.0   327.6   383.4   417.5   444.1   477.7   523.9   600.3  1262.3  5912.3 27522.3  93350.5    93419
read      368.3   406.1   160.7   221.1   234.3   324.6   377.4   409.1   433.7   464.7   505.6   575.5   821.0  5255.8 13885.8  98205.3    98284
read      377.6   471.5   173.5   219.0   230.7   319.0   381.1   421.2   453.0   493.0   543.1   615.1   925.2  5764.1 20020.7  71312.9    71313
read      408.0   384.7   160.7   220.3   233.1   340.7   430.4   490.2   530.3   571.1   616.1   680.3  1106.9  4897.4 12224.6  42115.0    42089
read      406.8   505.9   160.7   220.5   233.2   336.9   422.7   481.7   523.8   567.4   615.2   682.5  1147.8  4267.2 13798.4  46376.3    46458
read      419.5   408.1   160.7   220.8   234.1   352.8   461.7   514.8   545.9   578.2   615.3   671.7  1039.9  5701.6 13314.6  30842.3    30755
read      407.4   519.2   160.7   219.3   231.2   336.5   424.8   483.9   524.2   564.4   607.2   667.3  1046.3  5364.5 30290.6  42813.2    42889
read      374.1   459.2   160.7   220.4   233.2   324.1   379.0   412.0   436.9   469.0   512.1   582.6   895.1  6024.9 22804.5  93488.8    93552
read      380.9   428.8   160.7   219.3   231.0   320.6   386.8   430.1   465.2   508.6   560.4   631.5   996.1  5233.8 17274.9  65737.7    65694
read      415.2   385.0   160.7   220.1   232.7   351.5   463.4   514.3   543.7   575.0   611.3   667.3  1033.5  4930.4 13575.9  29500.7    29574
read      400.7   418.5   160.7   219.7   232.1   332.3   411.0   464.6   505.2   549.0   598.4   673.3  1202.8  4603.7 13941.2  51343.5    51355
read      401.3   449.9   160.7   222.6   236.4   335.7   405.9   451.6   486.8   529.5   582.7   664.9  1203.5  5776.9 15386.2  67535.6    67361
read      447.4   871.8   173.5   229.8   246.1   417.2   492.0   525.0   545.9   571.9   602.7   658.3  1110.6  6198.5 25242.9  16301.1    16287
read      382.8   430.6   160.7   221.9   235.6   330.8   391.4   428.4   457.5   493.2   539.8   613.4   921.6  5530.1 14461.6  81540.7    81508
read      390.7   566.4   160.7   222.7   236.9   333.5   393.0   429.0   457.4   492.6   539.1   615.5  1021.1  6315.8 28420.2  87676.0    87619
read      373.3   415.3   160.7   222.3   236.3   328.9   382.9   415.1   439.4   470.5   512.5   583.7   866.1  5384.9 13186.1  99244.3    99068
read      406.8   443.1   160.7   221.7   235.1   340.5   423.6   476.8   517.5   561.3   610.5   679.0  1094.9  5303.7 15808.2  51300.1    51267
read      523.5  1012.5   173.5   232.9   251.5   433.5   505.4   542.6   569.1   598.0   636.7   710.9  3327.8 12897.9 32291.2  11933.8    11822
read      428.5   508.8   160.7   226.5   242.3   352.8   416.0   455.1   485.7   525.4   582.1   712.2  1846.0  6354.5 20048.3  97315.9    97494
read      387.1   440.3   160.7   223.6   238.1   333.9   390.1   424.3   451.0   484.3   530.8   610.9  1152.0  6057.4 15842.5  97322.9    97350
read      406.7   507.8   160.7   223.1   237.3   339.1   415.7   464.5   502.5   546.1   595.0   665.7  1108.5  5999.2 26442.8  55395.8    55460
read      373.8   425.0   160.7   220.8   233.5   322.4   379.5   415.0   442.4   477.0   524.1   595.5   938.2  5397.5 14939.0  86161.8    85984
read      376.4   395.7   160.7   221.1   233.9   326.0   386.3   423.0   451.5   486.9   533.5   604.7   926.7  5241.1 16416.8  81959.1    82043
read      405.5   441.6   160.7   222.2   236.0   341.8   423.1   474.2   512.8   555.7   605.3   675.4  1063.6  5369.8 17989.5  52920.1    52873
read      446.6   446.6   173.5   235.4   252.3   422.7   486.6   515.7   536.1   559.0   588.3   638.1  1162.9  5545.5 16322.1  13960.1    13911
read      415.1   486.0   160.7   223.2   237.4   346.9   430.6   483.8   522.9   566.7   616.0   684.0  1087.6  5765.6 23716.4  50107.2    49984
read      578.6  1352.4   173.5   240.2   262.5   435.2   502.1   537.1   561.8   589.7   630.6   726.8  4628.6 25698.7 35939.8   9262.8     9274
read      442.6   522.1   160.7   223.8   238.5   375.7   485.8   533.2   562.7   593.0   632.1   698.0  1371.8  5938.1 30215.0  27211.8    27187
read      441.6   404.3   160.7   227.8   243.4   407.8   491.9   527.9   550.4   577.7   611.3   668.4  1345.6  5392.0 12632.6  18776.0    18735
read      386.1   495.5   160.7   222.3   236.0   332.1   392.0   427.9   455.7   490.0   536.3   611.4   952.1  6179.5 24773.4  86385.9    86505
read      379.2   412.9   160.7   222.1   235.9   331.4   389.2   423.9   450.6   483.3   527.7   597.0   889.6  5957.4 13430.2  93081.1    93039
read      394.1   509.8   160.7   222.2   236.1   335.6   401.9   442.5   472.6   510.4   559.9   633.9   974.3  6307.5 28048.2  75897.6    75999
read      427.3   453.9   173.5   223.0   237.1   361.5   462.7   514.9   547.5   582.2   623.5   686.5  1231.2  5674.6 15319.5  32366.4    32324
read      377.9   442.9   160.7   219.8   231.8   324.5   384.4   421.1   449.6   484.9   532.0   606.4   961.4  5641.4 18136.6  83991.3    84255
read      373.8   443.4   160.7   218.7   229.8   319.7   379.9   416.8   445.4   480.9   527.4   596.6   939.5  5877.4 16777.4  81713.4    81759
read      409.7   440.2   160.7   220.5   233.0   346.2   438.3   492.1   526.8   563.1   604.6   668.6  1121.3  4582.0 12885.6  37221.0    37291
read      397.1   396.4   160.7   220.2   232.5   335.5   413.9   462.6   498.7   539.0   585.6   653.3  1114.5  4841.6 12868.1  53844.7    53818
read      425.7   448.7   173.5   222.3   236.2   361.6   463.2   513.4   544.5   577.7   617.3   680.6  1182.5  5802.8 18591.5  30373.3    30297
read      425.9   431.8   160.7   222.8   237.0   363.6   463.5   514.7   545.9   579.5   619.2   681.3  1216.4  5275.8 12032.8  31537.8    31569
read      412.9   504.8   160.7   221.6   234.9   353.2   445.1   498.6   534.3   572.3   615.8   679.8  1069.7  4024.4 12701.2  38934.5    38927
read      541.6  1247.5   173.5   231.0   249.4   417.2   486.6   522.2   546.1   576.5   616.2   690.9  4219.0 19774.4 36871.2  10685.1    10652
read      396.3   426.5   173.5   222.8   237.2   338.3   395.6   431.0   459.0   494.2   542.3   630.9  1559.8  5561.1 13295.8  98026.6    98119
read      399.1   419.1   160.7   219.8   231.8   337.4   418.3   468.8   505.9   546.0   591.1   658.0  1084.8  4777.7 15754.3  48284.2    48176
read      408.2   355.8   160.7   220.5   232.9   346.6   443.5   496.3   529.6   564.2   603.0   663.8  1081.8  4474.7 11846.3  34764.1    34929
read      388.6   503.9   160.7   219.6   231.4   326.1   393.6   434.9   467.4   506.4   554.9   628.3  1094.4  6142.2 24851.6  69597.1    69735
read      426.6   477.4   173.5   222.1   235.5   381.3   468.6   505.3   529.2   554.4   587.1   641.3  1265.7  5606.3 15858.7  20731.5    20753
read      362.8   326.2   160.7   218.3   229.6   317.9   373.3   407.4   434.4   468.2   513.6   585.1   867.8  4109.0 12139.5  84606.1    84642
read      392.0   360.6   160.7   218.1   229.8   333.7   416.4   470.2   508.7   547.8   591.1   653.1   971.8  3848.0 12046.7  42444.0    42333
read      375.2   330.6   160.7   218.7   230.0   321.3   389.0   432.4   467.5   510.1   560.4   627.8   896.3  3726.9 11423.7  61484.1    61587
read      369.7   366.7   160.7   219.1   230.5   319.9   379.1   416.4   445.6   482.5   530.6   600.5   917.1  4059.4 12464.5  78152.2    77998
read      374.0   391.7   160.7   221.5   235.1   329.4   384.1   417.4   443.0   474.8   519.5   591.4   904.6  4387.6 15446.5  97654.5    97625
read      413.3   316.3   173.5   223.3   237.8   370.7   468.9   510.5   536.0   563.9   595.2   650.0   917.1  4028.6 10065.5  23727.7    23781
read      374.0   337.4   160.7   219.7   231.5   321.4   387.6   429.6   463.4   505.2   556.5   627.8   903.7  3672.0 10706.7  66898.4    66723
read      407.9   352.0   173.5   220.7   233.7   348.5   457.3   510.3   541.0   573.0   609.6   664.1   919.3  3685.7 12079.4  30994.4    31016
read      390.0   336.6   160.7   219.6   231.4   330.8   411.5   467.4   508.3   549.5   593.5   657.0   917.3  3627.6 11398.4  47391.9    47394
read      365.1   359.7   160.7   220.3   232.7   321.0   374.5   406.9   432.6   464.8   507.5   578.4   825.5  4309.5 14499.0  95158.6    95335
read      534.4  1373.1   187.4   252.7   279.0   392.5   435.9   462.5   482.4   506.4   541.0   625.1  3843.9 28365.4 38677.6   5290.2     5252
read      382.0   389.9   160.7   219.8   231.7   323.6   390.0   432.7   467.3   510.3   562.7   635.6  1046.4  4644.6 13136.0  65821.0    65908
read      415.4   314.9   173.5   225.3   240.1   396.0   468.3   499.7   521.2   544.7   576.7   627.2   897.9  3564.0 12813.9  16918.0    16889
read      396.9   324.5   160.7   219.4   231.5   338.2   422.3   476.1   514.6   554.8   599.5   666.6  1020.3  3988.0 13059.5  42829.7    42912
read      367.9   393.5   160.7   220.8   233.8   325.5   378.5   410.3   434.7   465.9   507.2   577.0   808.3  4563.4 13346.5  99913.1    99898
read      409.6   397.7   160.7   220.9   233.7   357.0   459.5   504.6   532.8   562.8   596.5   650.0   945.9  4642.7 12110.3  26367.9    26385
read      412.1   339.7   173.5   221.9   235.1   371.6   464.8   504.8   530.1   556.9   589.3   640.3   968.0  4046.1 13076.7  22532.9    22616
read      390.2   284.7   160.7   220.5   233.5   340.3   417.0   463.2   498.6   538.3   584.3   649.5   960.5  3601.1  9346.1  50467.6    50605
read      348.8   173.3   160.7   218.7   230.6   319.1   373.9   406.4   431.3   461.2   499.7   559.7   694.8  1328.3  7070.8  90337.7    90283
read      399.2   265.2   160.7   224.1   239.3   367.3   459.1   499.1   524.2   549.4   581.6   628.1   744.2  2252.4 10950.1  26351.4    26273
read      382.0   196.8   160.7   221.8   236.4   344.6   419.6   463.4   495.9   532.2   573.7   629.3   771.8  1372.8  7593.4  48577.8    48521
read      393.9   199.1   160.7   223.5   238.7   357.0   443.9   491.3   521.2   551.6   587.0   636.9   773.8  1625.1  7104.1  34096.8    34058
read      360.1   195.8   160.7   219.3   231.8   326.8   388.4   424.3   451.2   483.6   525.6   586.9   727.0  1485.6  7851.7  75673.9    75648
read      406.2   230.8   160.7   227.1   242.9   395.6   469.0   499.9   520.8   543.3   573.3   617.7   734.8  2109.1  9822.5  19535.0    19482
read      411.6   325.7   173.5   231.0   247.6   405.3   462.9   490.0   507.3   529.9   555.2   595.8   714.0  3696.9 12223.7  15063.9    15054
read      357.0   191.7   160.7   218.3   230.4   322.2   384.6   421.2   448.2   480.6   522.6   584.0   724.8  1598.0  7498.6  75606.6    75754
read      402.9   337.9   187.4   261.9   287.1   381.0   413.5   432.7   449.3   468.4   496.5   540.3   652.5  6288.1 12869.0   5244.6     5187
read      418.5   263.9   173.5   238.3   258.1   404.8   467.8   497.6   517.8   540.7   571.4   619.3   748.5  2876.8 11382.7  17602.8    17656
read      347.1   169.3   160.7   219.5   231.9   319.6   372.1   402.9   426.8   455.3   492.5   548.9   685.9  1161.2  7225.6  96339.1    96343
read      396.7   248.6   160.7   223.1   238.2   355.5   442.3   491.6   523.1   555.8   592.6   644.0   781.6  2416.2 10579.6  36619.5    36665
read      350.0   167.2   160.7   218.3   230.2   319.3   376.3   410.0   435.2   465.9   505.2   566.4   700.9  1223.4  5908.3  85340.2    85269
read      399.6   207.5   160.7   223.7   239.0   360.8   456.3   503.5   532.8   563.4   596.5   643.4   769.3  2044.7  8165.0  31562.7    31525
read      369.4   192.6   160.7   220.4   233.8   331.6   399.1   440.0   470.9   508.3   553.8   614.8   745.7  1376.1  7876.4  61896.1    61798
read      412.6   253.8   173.5   237.7   255.9   406.9   457.0   482.1   499.5   520.3   546.2   588.9   689.9  3678.7 10033.7  12288.7    12253
read      410.5   230.2   173.5   228.6   245.7   386.6   465.0   502.5   527.5   553.9   587.2   637.1   784.2  2358.2  9426.3  25719.7    25710
read      352.5   191.2   160.7   218.7   230.7   319.2   377.5   413.1   439.2   470.9   511.8   573.8   706.8  1397.9  8277.9  79951.1    79937
read      418.2   329.8   173.5   257.5   282.8   398.5   435.4   457.6   471.8   493.8   520.5   567.7   691.6  6845.9 11227.3   7304.4     7271
read      352.1   173.2   160.7   219.2   231.6   320.6   377.1   411.0   435.9   466.7   506.5   568.7   709.2  1384.4  7068.2  85768.8    85861
read      349.7   194.0   160.7   219.3   231.4   319.5   373.8   406.1   430.9   460.9   499.6   559.4   699.5  1376.8  7530.1  91399.9    91467
read      360.3   190.3   160.7   219.3   231.9   325.1   388.0   425.3   453.7   488.0   531.8   591.9   730.1  1517.1  7690.9  72179.0    72217
read      400.5   213.8   173.5   224.1   239.4   363.2   457.1   503.2   531.7   561.7   594.6   641.8   788.3  1610.1  8130.6  31141.1    31080
read      358.1   209.5   160.7   219.2   231.7   324.2   384.5   420.7   447.5   479.7   522.3   584.6   728.4  1320.3  8022.5  76934.3    76878
read      352.3   184.0   160.7   219.2   231.4   320.9   378.1   412.0   436.8   467.5   507.0   568.6   693.3  1375.2  7861.0  84458.8    84584
read      417.0   268.4   160.7   237.2   255.9   409.8   461.8   488.7   506.5   529.8   556.9   600.0   715.5  3682.6 12119.1  12494.7    12492
read      378.8   251.6   160.7   221.1   235.2   338.8   410.2   453.4   486.3   525.1   570.4   629.8   771.8  1499.7  9376.0  57021.2    57106
read      346.4   164.6   160.7   219.3   231.7   318.7   370.5   401.1   425.0   453.7   491.2   548.4   685.0  1420.7  5514.4  96219.5    96245
read      411.8   360.5   173.5   256.4   281.0   391.1   427.5   448.6   464.0   484.4   510.4   557.9   692.7  5668.2 15158.5   6767.4     6791
read      350.5   172.9   160.7   218.9   231.2   320.4   375.1   407.8   432.6   463.0   502.1   562.6   701.0  1477.1  6929.3  90791.7    90728
read      413.2   408.0   173.5   265.2   292.4   386.0   419.4   438.7   456.0   474.2   503.5   551.3   702.1  7315.1 12404.5   5137.7     5151
read      354.6   166.3   160.7   219.1   231.5   322.7   381.0   415.8   441.6   472.5   514.1   577.4   712.3  1467.9  6356.6  82931.4    82969
read      394.9   249.5   160.7   223.3   238.5   351.4   434.2   486.0   521.1   557.7   597.5   653.8   800.2  1852.3  8954.9  42659.6    42635
read      349.6   151.1   160.7   221.1   234.6   323.1   374.3   404.7   428.6   457.1   494.7   553.3   691.7  1130.4  5521.7  99388.2    99337
read      349.6   180.8   160.7   219.9   232.6   320.7   373.9   405.0   429.2   458.0   495.8   553.9   691.7  1515.3  8235.2  95196.1    95192
read      362.9   191.7   160.7   219.3   232.0   325.8   390.1   428.9   459.2   495.7   541.1   602.6   734.3  1425.0  7363.2  69239.8    69200
read      381.5   218.5   160.7   220.4   233.9   338.5   415.0   463.1   499.2   538.9   582.3   636.8   772.3  1731.7  8975.0  49373.8    49459
read      402.0   221.8   160.7   223.6   238.8   363.6   463.2   508.6   535.7   564.7   596.6   641.3   760.1  2124.2  9185.4  29066.6    29055
read      368.7   217.8   160.7   220.2   233.5   330.9   398.0   438.4   469.3   506.5   550.8   614.0   741.4  1278.2  7970.4  64358.4    64324
read      419.1   354.0   173.5   264.6   291.4   395.5   432.1   453.9   468.5   490.4   518.2   567.7   710.6  6352.4 13063.8   5713.6     5705
read      350.7   189.9   160.7   218.7   230.8   318.5   375.2   409.8   435.3   466.2   505.8   567.3   702.9  1339.0  6380.2  84705.9    84816
read      409.2   241.1   160.7   225.4   241.6   381.9   475.5   513.7   537.4   563.7   592.9   637.6   745.1  2502.5  9382.7  23733.0    23714
read      358.0   178.5   160.7   219.3   231.9   323.7   384.9   422.1   450.2   484.2   528.1   588.2   720.4  1268.2  7039.0  74235.5    74116
read      410.0   235.6   160.7   227.5   243.8   397.0   476.0   508.7   530.2   552.4   582.7   627.1   728.4  1916.8  9871.2  20016.0    19948
read      389.2   201.0   160.7   222.4   237.3   347.6   429.5   480.8   516.7   553.5   592.8   645.4   765.5  1401.7  7974.4  44098.3    44213
read      412.4   271.6   160.7   227.1   243.5   398.8   475.9   508.1   529.7   551.7   582.3   627.3   733.1  2992.4 12564.9  19401.5    19454
read      418.0   355.4   187.4   256.6   282.5   401.2   440.7   463.5   480.2   500.6   529.1   575.3   698.5  4049.3 13780.7   7163.0     7190
read      390.6   218.1   160.7   223.1   238.1   352.6   430.0   475.6   509.2   545.8   587.3   641.6   778.8  1574.6  9633.3  47503.1    47657
read      382.6   207.3   160.7   220.4   234.2   340.1   420.5   471.8   508.2   545.1   584.9   636.7   752.4  1314.1  8322.9  44331.5    44399
read      432.1   414.1   173.5   267.1   296.0   406.7   445.1   466.4   484.1   504.8   534.8   583.0   723.6  7727.7 12878.7   6542.8     6481
read      426.7   362.0   187.4   268.3   298.7   402.9   439.2   461.6   477.7   499.3   528.8   578.8   724.9  5105.5 13109.7   5812.4     5807
read      352.3   183.1   160.7   219.3   231.6   319.9   377.4   412.2   437.5   469.4   510.2   572.8   697.1  1349.8  8055.2  82924.0    83137
read      420.6   280.0   173.5   247.1   269.4   411.0   455.8   479.2   496.7   516.6   543.4   587.1   703.5  3917.3 12421.0   9586.2     9580
read      407.0   236.7   173.5   228.3   245.3   379.7   454.4   496.8   525.8   556.5   591.6   643.0   787.5  1691.2  8450.5  37391.9    37385
read      403.6   236.2   173.5   225.3   241.5   371.9   453.4   498.6   528.2   559.3   593.0   642.6   772.0  1958.4  9394.4  33831.6    33706
read      399.0   238.4   160.7   223.8   239.3   361.2   448.3   498.4   529.8   561.8   596.0   645.0   763.0  1598.9 10873.7  35216.2    35204
read      376.8   215.3   160.7   219.6   232.8   334.9   409.8   457.9   494.0   533.7   576.9   631.7   744.7  1284.3  8611.5  50569.9    50438
read      380.0   227.8   160.7   220.3   233.7   336.7   413.1   463.7   501.2   540.3   583.2   637.6   753.3  1281.2  9378.5  48799.0    48878
read      384.8   219.7   160.7   220.6   234.4   341.7   424.0   475.9   512.2   548.1   587.5   638.6   754.3  1453.5  9516.3  42639.9    42682
read      403.7   229.7   160.7   223.7   238.9   367.1   465.7   510.2   537.5   566.7   599.3   644.8   763.4  1928.9  9876.3  27472.2    27416
read      363.0   198.7   160.7   219.1   231.4   324.2   389.8   430.2   461.7   499.6   545.2   607.3   732.6  1379.4  8837.0  64404.6    64424
read      364.8   189.0   160.7   219.4   232.3   326.9   393.1   433.4   464.9   503.4   547.9   609.1   734.8  1386.1  6856.7  64408.4    64364
read      415.6   374.6   173.5   266.1   295.3   394.1   429.5   450.7   465.8   487.1   514.4   562.0   690.0  5183.4 16077.1   5480.7     5481
read      418.4   241.5   173.5   232.1   250.2   396.0   473.1   511.8   536.9   564.5   595.5   644.1   770.6  2679.8  9244.3  26190.1    26227
read      413.8   230.2   173.5   228.4   245.4   388.3   472.9   513.2   538.7   566.6   597.5   643.5   761.7  2479.2  8109.7  26566.0    26586
read      350.9   197.3   160.7   218.9   231.2   319.4   374.5   408.0   433.4   464.6   504.6   566.3   693.2  1455.3  8782.6  86225.2    86286
read      403.3   222.0   160.7   223.6   239.1   375.2   471.4   510.4   533.9   559.3   589.2   633.8   738.2  1396.6 10680.2  24437.6    24452
read      402.2   257.9   160.7   223.1   238.3   366.9   465.2   508.1   533.9   561.3   591.6   636.6   743.9  2371.8  9333.7  26818.0    26832
read      401.3   244.5   160.7   222.4   237.4   360.9   460.4   506.2   533.6   562.5   593.9   640.7   756.1  2717.1  9438.9  29776.2    29795
read      382.0   210.6   160.7   220.1   233.7   338.8   416.9   468.0   505.0   543.4   584.7   638.3   758.2  1592.9  8037.8  46204.1    46224
read      352.1   178.3   160.7   219.0   231.3   320.3   377.3   411.6   436.8   468.1   508.0   570.4   699.3  1436.9  7432.5  84786.8    84587
read      365.6   189.1   160.7   219.4   232.1   326.8   393.5   434.1   465.9   504.2   549.4   611.5   737.3  1502.5  7575.2  63482.6    63389
read      380.1   188.9   160.7   220.1   233.7   337.4   416.3   466.4   503.4   542.0   583.8   637.3   753.2  1245.1  7653.3  47059.0    46953
read      349.6   176.5   160.7   219.2   231.7   319.5   374.0   406.2   431.1   461.3   500.4   560.9   694.5  1282.7  7587.1  90735.6    90536
read      426.0   314.0   173.5   237.4   256.5   416.4   470.9   498.8   518.1   540.2   568.7   611.9   731.8  4933.4 11805.2  12521.1    12508
read      401.7   228.7   160.7   225.2   241.1   367.2   447.1   494.8   527.4   561.8   599.5   652.7   787.2  1847.5  8646.9  38523.1    38491
read      348.4   163.4   160.7   220.7   233.7   320.5   372.3   403.2   427.2   455.9   493.1   549.3   686.6  1450.9  5323.6  97785.5    97806
read      425.9   313.0   173.5   240.5   260.7   416.5   468.7   495.5   513.4   535.8   563.5   608.5   732.6  4628.6 12691.0  11879.8    11813
read      400.8   217.4   160.7   224.4   240.1   366.7   446.6   493.8   526.2   559.9   597.0   651.0   785.8  2095.6  7742.5  39605.7    39665
read      377.7   195.8   160.7   220.6   234.5   337.1   409.9   456.4   491.8   531.2   575.5   632.2   757.9  1515.3  7308.5  53632.0    53571
read      371.3   195.9   160.7   221.3   235.5   332.7   399.7   440.7   472.1   510.5   556.4   618.7   749.3  1702.4  6452.3  63275.3    63215
read      354.1   184.0   160.7   219.3   231.8   320.6   379.2   415.5   442.3   474.8   517.5   579.7   705.2  1254.7  7751.5  78787.4    78767
read      417.3   321.9   173.5   249.4   272.9   402.9   445.2   467.3   484.8   504.2   532.8   578.5   692.5  4554.8 13095.3   8652.5     8615
read      364.9   202.4   160.7   220.0   233.0   328.6   393.1   432.3   462.5   498.6   543.5   605.1   730.6  1380.7  8082.3  67792.4    67903
read      412.7   250.2   173.5   229.8   246.6   406.4   470.7   500.2   520.4   542.5   571.8   614.6   716.9  2842.1 11425.1  16439.2    16398
read      376.3   181.3   160.7   220.7   234.6   336.2   410.3   457.1   492.4   532.0   576.3   632.6   745.3  1157.7  7331.1  53411.1    53434
read      391.6   203.2   160.7   221.2   235.6   347.3   438.4   493.8   528.6   563.2   599.7   648.7   765.5  1219.5  8141.1  37979.2    38068
read      416.6   264.3   173.5   248.4   271.5   405.9   449.5   471.5   490.3   509.2   537.9   581.8   688.4  4042.1 12053.9   9107.7     9130
read      360.6   191.9   160.7   219.0   231.4   322.9   386.7   426.1   456.1   492.2   536.6   596.3   725.4  1678.5  7795.1  68990.5    69227

Total QPS = 49314.4 (88766008 / 1800.0s)

Total connections = 64
Misses = 0 (0.0%)
Skipped TXs = 0 (0.0%)

RX 21925203729 bytes :   11.6 MB/s
TX          0 bytes :    0.0 MB/s
Warning! Detected max cpu usage > 95%
CPU Usage Stats (avg/min/max): 99.96%,49.23%,100.00%
