Random waveform, supplied seed
Total number of intervals = 102 (7434, 67201, 85927, 63953, 31595, 87879, 7287, 62295, 6561, 22532, 60653, 59076, 60154, 22964, 8172, 27652, 37594, 24367, 33771, 84944, 85666, 51918, 34406, 28664, 38289, 20658, 13840, 93419, 98284, 71313, 42089, 46458, 30755, 42889, 93552, 65694, 29574, 51355, 67361, 16287, 81508, 87619, 99068, 51267, 11822, 97494, 97350, 55460, 85984, 82043, 52873, 13911, 49984, 9274, 27187, 18735, 86505, 93039, 75999, 32324, 84255, 81759, 37291, 53818, 30297, 31569, 38927, 10652, 98119, 48176, 34929, 69735, 20753, 84642, 42333, 61587, 77998, 97625, 23781, 66723, 31016, 47394, 95335, 5252, 65908, 16889, 42912, 99898, 26385, 22616, 50605, 90283, 26273, 48521, 34058, 75648, 19482, 15054, 75754, 5187, 17656, 96343)
Average QPS expected = 50954
Timestamp start: 1684938351964
Timestamp end: 1684939372366

#type       avg     std     min      p5     p10     p50     p67     p75     p80     p85     p90     p95     p99    p999   p9999      QPS   target
read      463.7  1176.8   173.5   230.5   249.7   348.3   388.7   411.6   429.2   451.8   483.1   548.2  3512.5 17279.4 37455.9   7367.4     7434
read      357.2   461.6   160.7   210.3   222.5   305.0   355.3   388.1   415.2   451.7   498.7   563.3  1020.2  5260.3 21641.3  67137.4    67201
read      345.2   383.8   160.7   209.4   221.8   304.3   352.3   380.9   402.8   432.6   472.9   536.8   760.3  4984.1 14359.8  85853.9    85927
read      353.7   397.1   160.7   209.8   222.0   303.7   353.6   386.6   414.1   451.1   498.0   559.9  1041.5  4917.0 16643.3  63974.7    63953
read      370.8   452.0   160.7   211.5   223.7   312.3   391.0   433.6   460.6   489.0   521.1   570.2   934.9  5396.0 15142.0  31488.7    31595
read      368.9   484.0   160.7   211.6   224.3   310.1   358.6   389.0   413.2   445.6   492.2   575.8  1413.1  5989.3 18083.3  87816.8    87879
read      503.1  1347.9   173.5   228.7   248.0   350.9   392.5   417.4   435.2   459.6   494.5   588.9  4356.2 20437.9 40179.1   7261.0     7287
read      353.6   372.0   160.7   210.1   222.5   304.7   356.6   392.0   421.4   458.9   505.2   570.1   921.0  4052.5 13049.8  62222.1    62295
read      477.9  1287.5   173.5   230.3   249.9   344.3   381.9   403.1   420.9   441.0   471.2   546.0  3688.6 26748.9 38266.4   6564.9     6561
read      499.5  1022.9   160.7   213.9   227.7   370.1   456.0   511.4   554.3   605.6   673.0   799.4  3646.3 13447.1 35535.5  22397.6    22532
read      367.8   358.6   160.7   213.0   225.3   315.5   374.2   412.8   443.4   481.0   527.9   594.2  1059.9  4594.2 11639.3  60663.0    60653
read      386.3   490.3   160.7   216.6   228.9   320.0   380.5   421.7   454.7   494.9   544.2   623.6  1383.4  5675.7 25310.5  59063.0    59076
read      355.8   344.2   160.7   212.1   224.4   306.2   358.5   395.0   426.1   464.7   510.2   570.8   894.6  4736.6 10643.6  60238.4    60154
read      480.1   975.0   160.7   213.8   227.5   366.5   446.4   495.2   534.7   583.2   645.5   740.8  3144.9 13084.7 35947.7  22860.7    22964
read      520.7  1477.4   173.5   222.2   237.9   351.2   402.2   429.1   448.4   469.6   503.3   593.0  4427.2 30365.5 43658.2   8180.2     8172
read      396.2   705.4   160.7   210.7   222.9   320.0   401.1   439.7   464.2   490.9   523.4   585.2  1384.4  9147.2 31628.1  27598.3    27652
read      358.9   435.7   160.7   208.8   220.8   302.0   369.9   415.7   445.9   476.8   509.4   555.0   843.9  5322.7 17182.8  37575.8    37594
read      474.0   921.5   160.7   211.4   224.7   360.2   439.6   489.2   530.4   583.7   655.1   766.0  3181.6 11554.1 32188.8  24354.8    24367
read      371.9   431.7   160.7   210.9   223.3   312.2   390.8   435.7   463.9   494.1   529.6   584.6   965.7  5201.6 19421.1  33831.5    33771
read      340.2   377.6   160.7   208.4   220.6   299.3   345.6   373.9   396.9   426.7   467.2   530.9   734.4  4719.3 13674.5  85049.8    84944
read      340.9   358.8   160.7   208.3   220.5   299.8   346.0   374.2   397.2   426.8   466.9   532.3   802.7  4755.2 11682.9  85676.2    85666
read      351.5   330.5   160.7   208.8   221.0   301.5   356.8   396.8   429.2   466.5   508.6   563.6   843.9  4472.4 11636.6  51912.4    51918
read      360.6   376.3   160.7   209.1   221.2   304.2   379.6   425.0   453.7   483.1   515.3   561.0   880.8  4375.9 12885.5  34317.3    34406
read      385.8   492.1   160.7   212.6   224.7   319.5   401.8   442.9   468.3   496.1   529.3   584.5  1456.1  6120.2 27448.8  28632.5    28664
read      351.8   251.9   160.7   209.8   222.1   305.9   373.8   418.9   448.7   479.3   513.0   560.5   752.0  3285.5  7675.3  38385.1    38289
read      376.7   323.4   160.7   215.1   227.6   346.3   412.2   442.2   462.0   485.7   515.7   580.1   802.6  3944.8 13400.8  20613.4    20658
read      416.8   428.6   160.7   220.0   234.5   369.5   447.2   490.7   519.0   549.1   584.9   639.8  1171.3  5411.2 15750.8  13861.9    13840
read      356.6   455.3   160.7   211.1   223.6   309.5   357.2   385.8   407.4   436.2   476.8   541.1   889.8  5819.3 18534.2  93308.5    93419
read      361.7   441.8   148.8   213.7   226.3   316.4   366.9   396.8   420.5   450.5   491.9   559.0   846.9  5570.1 20644.9  98272.6    98284
read      355.4   338.5   160.7   212.7   224.9   309.8   362.0   394.9   421.6   456.1   502.0   567.7   887.8  4352.4 11566.9  71298.3    71313
read      365.9   349.1   160.7   213.5   225.5   312.9   377.7   422.5   454.9   490.1   529.3   582.0   881.6  4547.4 11777.4  42230.3    42089
read      370.8   379.3   160.7   214.8   227.1   317.7   380.5   422.6   454.5   491.0   533.0   590.6   939.1  4391.4 12663.3  46444.7    46458
read      376.5   328.9   160.7   216.0   227.9   322.3   403.8   447.1   474.2   503.2   537.3   589.5   936.0  4496.6 10997.5  30739.1    30755
read      381.8   414.3   160.7   214.7   226.8   316.8   384.3   429.5   462.2   498.5   540.5   607.3  1324.7  5094.5 13416.3  42954.5    42889
read      359.1   375.9   160.7   213.6   226.4   316.1   366.5   396.6   420.3   449.7   490.0   554.5   821.7  4891.1 13375.1  93553.7    93552
read      350.6   277.7   160.7   212.5   224.8   308.2   359.4   393.1   421.2   457.1   502.8   566.0   826.6  3893.7  9403.9  65764.8    65694
read      375.5   382.7   160.7   215.2   227.1   321.9   404.9   446.3   472.8   501.3   534.2   583.2   854.1  4656.8 13876.0  29555.8    29574
read      363.4   348.6   160.7   214.0   226.0   311.8   370.8   412.6   445.4   483.9   528.7   586.1   900.4  4084.9 11468.0  51306.1    51355
read      356.6   365.7   160.7   213.4   225.6   311.1   363.9   397.9   426.5   463.1   509.7   576.1   826.4  3910.2 16921.1  67499.3    67361
read      477.1   970.1   160.7   216.6   229.9   368.0   441.8   487.4   521.5   562.2   612.3   690.2  3363.3 12532.7 35272.1  16220.8    16287
read      361.0   429.5   160.7   210.8   223.1   307.3   355.7   385.3   408.2   440.0   486.3   559.6  1479.0  5608.5 16508.9  81515.3    81508
read      344.6   398.8   160.7   210.1   222.4   304.3   351.7   380.0   401.5   430.4   469.4   532.6   720.6  4952.4 12594.9  87689.9    87619
read      341.5   372.6   160.7   210.4   222.9   304.7   349.9   375.8   396.4   422.1   457.2   512.9   684.7  5318.8 12433.9  99125.4    99068
read      354.5   267.7   160.7   212.6   224.9   308.4   364.4   403.2   436.4   474.7   518.2   573.0   822.8  3513.4  8725.4  51299.1    51267
read      466.0  1053.7   160.7   217.8   231.1   361.9   423.4   458.4   483.6   512.6   549.7   623.6  3493.2 15890.5 35167.7  11867.1    11822
read      353.9   395.6   160.7   209.9   222.3   307.6   355.6   382.8   402.8   430.4   467.9   535.6  1442.7  5057.0 13267.4  97472.2    97494
read      344.2   431.3   148.8   209.6   221.9   305.1   351.9   379.1   399.5   425.8   461.3   518.4   692.3  5716.5 17839.0  97289.5    97350
read      353.0   311.6   160.7   210.6   222.9   306.9   362.8   400.6   432.4   470.5   515.6   573.8   824.3  3431.6 11716.3  55384.5    55460
read      344.1   340.5   160.7   209.6   221.8   305.2   354.2   383.3   404.9   434.1   473.4   537.1   740.2  4558.6 11286.9  85970.8    85984
read      342.9   364.6   160.7   208.4   220.5   301.5   349.9   378.8   401.4   431.5   472.5   536.3   747.7  4416.5 12851.4  82099.3    82043
read      349.1   242.3   160.7   209.8   222.1   304.9   360.6   400.2   433.6   472.6   516.6   573.4   752.9  3456.0  8608.0  52920.0    52873
read      443.2   779.4   160.7   215.6   229.2   361.3   428.6   467.5   495.7   527.8   567.5   634.5  2577.6  9974.5 35733.1  13840.0    13911
read      356.9   424.6   160.7   208.3   220.4   301.9   357.1   397.0   429.7   467.3   509.1   566.2   975.4  5337.8 13886.4  50030.9    49984
read      428.7   904.4   173.5   222.1   237.5   347.9   397.7   425.8   446.0   469.0   500.5   552.7  2120.4 11824.8 35610.7   9275.8     9274
read      381.0   624.8   160.7   210.4   222.6   318.3   399.7   439.1   462.6   488.5   518.7   571.1   987.9  8269.2 31422.5  27261.6    27187
read      447.3   761.1   160.7   213.2   227.1   364.7   444.9   496.7   534.0   574.2   622.8   696.6  1981.3 11365.9 31864.5  18738.4    18735
read      341.0   325.7   160.7   208.5   220.6   299.1   345.7   374.1   397.3   427.4   469.3   537.0   963.6  3819.8 11915.9  86389.2    86505
read      334.6   309.9   160.7   207.9   220.0   299.0   344.9   371.8   393.0   419.6   456.9   515.9   695.9  3897.5 12402.7  93162.8    93039
read      334.9   302.9   160.7   207.6   219.5   297.1   343.8   372.6   396.4   427.5   469.9   532.2   690.8  3638.3 10634.5  75789.0    75999
read      354.8   291.5   160.7   210.0   222.1   307.3   383.1   426.3   453.3   480.8   510.3   550.1   747.0  3473.8 10095.9  32310.1    32324
read      333.2   292.4   160.7   207.8   219.9   298.4   344.9   372.9   395.8   424.9   464.6   525.5   673.4  3435.5 11206.2  84348.7    84255
read      338.0   339.2   160.7   208.4   220.5   300.5   347.7   376.5   399.4   429.4   469.6   531.4   683.7  3912.1 12209.8  81855.0    81759
read      404.1   448.8   160.7   211.0   223.1   310.1   385.6   434.8   467.5   502.8   544.5   660.5  2354.0  5387.1 10773.1  37317.5    37291
read      346.9   356.3   160.7   208.3   220.4   300.4   353.1   390.8   422.1   459.6   502.6   554.8   741.0  5160.9 12395.3  53793.5    53818
read      358.3   372.0   160.7   209.5   221.5   308.8   386.7   428.5   454.6   481.5   510.2   550.1   752.0  4082.2 12743.0  30335.1    30297
read      353.3   237.0   148.8   210.0   222.1   308.6   386.2   429.0   455.5   482.7   512.0   552.1   729.0  2925.3  9692.4  31595.5    31569
read      354.3   292.8   160.7   209.5   221.6   305.0   373.3   419.4   450.7   483.2   518.6   566.4   775.0  3589.7  9474.8  38946.5    38927
read      419.7   783.0   173.5   220.0   234.4   354.1   409.2   440.9   463.8   491.7   527.2   584.4  1859.2  8787.7 36364.2  10713.2    10652
read      343.4   333.6   160.7   208.9   221.3   302.9   348.6   375.4   396.9   424.3   462.7   528.5  1074.2  3900.7 12061.7  98068.9    98119
read      348.9   301.0   148.8   209.4   221.7   303.1   360.5   402.2   436.1   473.8   514.9   567.6   761.2  3131.3 11013.2  48244.9    48176
read      355.9   300.6   160.7   210.1   222.3   307.3   380.8   427.0   456.6   486.8   519.8   566.0   741.7  3234.4 12326.6  34858.8    34929
read      341.2   313.4   160.7   209.4   221.6   301.4   349.9   381.0   406.1   440.8   486.5   546.4   720.2  3635.8 11221.5  69817.0    69735
read      448.5   760.2   160.7   213.9   227.8   364.9   441.8   490.0   529.1   575.9   633.9   722.2  1908.2  9876.9 31850.9  20781.9    20753
read      344.3   320.1   160.7   209.5   222.0   303.4   350.8   379.6   401.9   431.9   473.1   540.7  1029.6  3495.2 12695.9  84816.9    84642
read      352.6   238.3   160.7   211.4   224.1   308.6   371.2   416.1   448.8   483.4   520.9   571.0   759.4  2846.2  8393.8  42352.4    42333
read      350.2   379.0   160.7   209.8   222.1   305.5   357.8   392.4   421.2   457.6   502.3   561.2   742.0  4704.5 14949.8  61619.5    61587
read      337.5   265.9   160.7   208.7   220.8   300.4   347.5   376.8   400.3   431.6   473.3   536.4   719.6  3481.1 10146.7  77819.7    77998
read      314.3   198.1   148.8   205.4   216.8   290.1   333.2   358.7   377.2   400.9   433.0   482.6   582.7  1806.1  8251.6  97617.9    97625
read      354.5   215.8   160.7   213.9   227.0   329.6   398.9   428.7   447.7   467.0   492.4   530.0   629.4  2853.0  8621.9  23845.5    23781
read      325.6   157.8   160.7   206.9   219.3   298.7   347.8   378.8   403.0   434.1   471.5   519.6   604.2  1152.9  6429.5  66793.6    66723
read      348.1   195.7   160.7   211.2   224.2   315.7   387.7   425.3   448.3   470.8   497.9   537.1   633.2  2241.5  8650.6  31003.3    31016
read      336.2   195.6   160.7   208.1   220.9   305.6   361.5   398.7   426.9   457.3   490.1   532.1   623.1  1460.7  8011.6  47385.4    47394
read      311.5   149.0   148.8   205.3   216.6   289.3   331.9   357.2   375.4   399.6   431.9   480.7   576.4  1221.4  6331.5  95331.9    95335
read      345.5   355.3   173.5   242.3   261.4   325.8   346.8   360.6   369.2   381.3   399.3   436.2   559.0  5071.9 12846.4   5290.3     5252
read      332.0   154.9   148.8   208.6   221.4   305.2   355.6   387.3   411.7   442.3   479.6   529.7   639.6  1137.9  7055.9  65883.3    65908
read      355.9   241.6   160.7   219.1   231.8   346.8   396.5   419.0   433.1   450.2   468.4   501.9   588.3  2745.3 10880.6  16939.4    16889
read      339.5   185.5   160.7   209.0   222.2   309.8   368.0   406.5   433.7   462.2   493.3   534.3   626.4  1209.7  7371.6  42949.1    42912
read      310.0   148.5   160.7   205.6   217.4   290.1   331.3   355.7   373.3   396.7   427.5   473.0   562.2   945.3  4326.6  99993.4    99898
read      350.6   189.2   148.8   212.3   225.4   323.1   396.9   430.1   450.3   470.5   496.2   533.0   621.6  1363.1  8015.3  26341.6    26385
read      352.9   200.0   160.7   213.7   226.8   331.9   399.6   428.6   446.9   465.5   489.4   522.8   603.4  2237.1  8329.6  22660.5    22616
read      332.7   174.5   160.7   207.2   219.9   303.0   357.5   393.7   421.4   452.2   485.6   527.6   617.3  1293.1  7573.1  50450.3    50605
read      312.4   155.1   160.7   205.1   216.4   289.1   332.5   358.6   378.0   402.6   436.8   487.3   577.2  1215.4  5902.0  90177.9    90283
read      345.1   190.8   160.7   211.0   224.1   318.7   389.6   421.7   441.2   461.1   484.8   516.8   594.5  1603.5  8288.8  26323.3    26273
read      331.7   188.2   160.7   206.9   219.6   301.4   355.7   393.0   421.5   452.1   484.8   525.8   609.4  1173.1  8349.2  48517.2    48521
read      339.9   201.1   160.7   208.5   221.3   307.7   375.3   414.8   439.3   463.0   489.5   524.9   600.2  1304.7  9776.1  33883.7    34058
read      320.4   186.8   148.8   206.1   218.2   294.3   341.1   369.8   392.7   421.3   458.1   505.3   592.4  1289.4  7987.3  75779.0    75648
read      354.3   254.5   160.7   215.9   228.5   339.8   399.1   424.1   439.8   457.3   477.0   507.4   591.7  2536.2 11203.6  19411.4    19482
read      355.8   259.5   160.7   219.7   232.8   346.5   392.8   414.1   428.0   444.0   463.8   496.8   584.5  3504.9 11806.4  15034.3    15054
read      319.4   137.8   148.8   205.7   217.7   294.6   341.6   370.3   393.1   421.5   458.3   505.6   590.8  1090.0  4083.0  75719.0    75754
read      342.1   374.1   173.5   239.9   258.9   321.0   342.2   354.8   364.2   373.6   392.5   427.4   543.2  5129.3 15981.0   5199.7     5187
read      354.0   220.5   160.7   220.3   236.6   341.7   389.2   411.5   426.0   441.7   461.5   493.0   577.6  2027.3 10346.1  17638.0    17656
read      312.7   151.8   148.8   205.4   216.9   290.4   334.0   359.7   378.6   402.2   434.6   484.0   578.6  1274.5  5392.1  96229.2    96343

Total QPS = 50952.6 (51971616 / 1020.0s)

Total connections = 64
Misses = 0 (0.0%)
Skipped TXs = 0 (0.0%)

RX 12836988658 bytes :   12.0 MB/s
TX          0 bytes :    0.0 MB/s
Warning! Detected max cpu usage > 95%
CPU Usage Stats (avg/min/max): 99.95%,48.74%,100.00%
