Random waveform, supplied seed
Total number of intervals = 360 (7434, 67201, 85927, 63953, 31595, 87879, 7287, 62295, 6561, 22532, 60653, 59076, 60154, 22964, 8172, 27652, 37594, 24367, 33771, 84944, 85666, 51918, 34406, 28664, 38289, 20658, 13840, 93419, 98284, 71313, 42089, 46458, 30755, 42889, 93552, 65694, 29574, 51355, 67361, 16287, 81508, 87619, 99068, 51267, 11822, 97494, 97350, 55460, 85984, 82043, 52873, 13911, 49984, 9274, 27187, 18735, 86505, 93039, 75999, 32324, 84255, 81759, 37291, 53818, 30297, 31569, 38927, 10652, 98119, 48176, 34929, 69735, 20753, 84642, 42333, 61587, 77998, 97625, 23781, 66723, 31016, 47394, 95335, 5252, 65908, 16889, 42912, 99898, 26385, 22616, 50605, 90283, 26273, 48521, 34058, 75648, 19482, 15054, 75754, 5187, 17656, 96343, 36665, 85269, 31525, 61798, 12253, 25710, 79937, 7271, 85861, 91467, 72217, 31080, 76878, 84584, 12492, 57106, 96245, 6791, 90728, 5151, 82969, 42635, 99337, 95192, 69200, 49459, 29055, 64324, 5705, 84816, 23714, 74116, 19948, 44213, 19454, 7190, 47657, 44399, 6481, 5807, 83137, 9580, 37385, 33706, 35204, 50438, 48878, 42682, 27416, 64424, 64364, 5481, 26227, 26586, 86286, 24452, 26832, 29795, 46224, 84587, 63389, 46953, 90536, 12508, 38491, 97806, 11813, 39665, 53571, 63215, 78767, 8615, 67903, 16398, 53434, 38068, 9130, 69227, 37496, 83925, 51037, 33690, 51474, 73708, 98618, 81977, 91567, 48236, 91726, 52458, 70467, 71151, 65016, 42057, 78821, 60720, 39911, 10628, 73736, 7334, 91868, 76670, 10405, 26019, 55530, 29615, 66057, 55281, 21177, 88239, 70227, 23421, 97104, 6235, 58045, 23729, 40897, 53312, 87262, 81836, 92274, 47252, 75747, 80994, 98224, 7737, 37514, 10640, 90490, 92514, 89245, 73823, 46565, 21419, 66915, 31667, 72255, 99535, 9226, 67844, 71413, 97328, 55113, 53743, 15253, 90605, 25767, 93458, 95080, 88399, 95681, 33003, 98809, 64610, 51183, 20194, 7602, 46677, 5577, 23035, 57516, 62851, 38431, 25729, 19443, 19461, 42341, 5691, 40223, 29941, 41162, 43863, 20318, 93421, 48578, 40595, 17677, 78948, 9703, 9686, 7968, 15830, 8192, 79410, 76582, 54634, 72177, 15101, 8167, 44130, 53047, 97171, 81360, 77277, 38294, 11165, 74155, 12255, 52404, 17057, 6005, 85707, 79742, 58322, 26212, 69487, 29507, 51412, 67374, 55125, 53048, 12192, 36138, 60799, 36368, 39729, 95693, 40999, 65037, 12633, 50117, 62765, 12379, 49369, 39111, 52692, 24539, 61591, 47864, 16479, 75268, 8714, 13002, 77147, 43518, 27206, 55859, 37448, 45026, 99974, 64632, 49061, 80418, 16471, 35694, 13935, 79838, 48842, 17708, 31401, 62091, 87121, 81929, 42013, 90709, 67578, 58116, 68886)
Average QPS expected = 50334
Timestamp start: 1684973463984
Timestamp end: 1684974544479

#type       avg     std     min      p5     p10     p50     p67     p75     p80     p85     p90     p95     p99    p999   p9999      QPS   target
read      474.5   774.7   173.5   255.2   278.0   407.0   452.4   477.0   497.6   522.8   559.2   659.6  2073.3  9492.5 32403.4   7335.3     7434
read      370.6   339.9   160.7   221.4   233.7   320.6   382.0   421.4   452.1   488.9   534.1   597.9   859.4  4333.8 12238.6  67079.0    67201
read      351.1   407.7   173.5   218.7   229.1   307.1   355.6   386.5   410.2   441.1   483.2   544.5   767.9  4833.6 15446.9  85775.0    85927
read      368.3   316.8   160.7   220.7   232.4   318.8   381.9   423.0   454.6   492.2   536.0   594.6   809.5  3948.4 12319.0  63731.0    63953
read      407.9   457.9   160.7   222.5   236.1   350.4   445.3   489.1   516.7   545.5   582.0   641.1  1076.4  4330.4 23620.0  31616.7    31595
read      362.2   338.0   160.7   221.3   233.8   316.1   368.0   400.6   427.0   459.6   501.8   571.0   924.7  4811.9 13239.4  87912.0    87879
read      413.1   327.0   173.5   250.6   272.7   390.2   430.3   453.3   468.7   491.5   521.7   583.3   913.1  4862.0 11883.7   7234.3     7287
read      400.3   488.7   160.7   225.2   239.3   338.0   404.5   445.6   476.1   512.2   556.6   633.4  1211.7  5653.0 27986.5  62111.7    62295
read      444.8   756.0   173.5   252.9   273.6   387.9   425.9   447.0   462.5   482.2   508.0   571.4  1797.0 11355.0 35177.0   6606.3     6561
read      436.9   397.1   173.5   235.9   252.5   400.5   472.8   508.1   532.7   560.1   594.0   664.8  1212.3  4135.4 17793.5  22282.0    22532
read      376.6   322.3   160.7   221.0   232.9   322.1   389.0   431.1   463.5   501.2   545.7   616.8   995.8  4406.4 10487.1  60478.7    60653
read      380.0   335.9   173.5   222.5   235.5   326.6   395.1   438.9   472.5   512.1   558.5   625.7   902.4  4177.9 10187.0  59272.0    59076
read      381.5   451.1   173.5   221.9   234.9   326.6   392.2   434.0   465.8   503.6   547.0   613.3   859.1  5878.3 12589.4  60078.3    60154
read      405.7   445.3   160.7   222.9   236.7   372.2   450.0   483.3   504.9   530.4   561.4   615.6   823.8  3698.3 15241.0  22846.7    22964
read      437.2   556.6   173.5   243.6   262.5   391.7   432.4   454.9   469.6   492.1   520.7   578.3  1872.3  7723.1 21753.3   8220.3     8172
read      433.6   590.3   173.5   226.6   241.9   370.9   448.1   485.2   510.0   539.2   579.7   666.5  1867.9  7803.8 29991.0  27593.7    27652
read      386.0   304.6   160.7   219.7   231.2   334.2   423.0   470.0   499.3   529.1   563.4   620.2   864.7  3585.6  9840.5  37528.0    37594
read      433.0   605.2   173.5   224.2   238.3   376.6   465.8   502.2   526.5   552.0   587.3   651.2  1484.6  6847.9 30333.2  24251.7    24367
read      458.6   571.2   173.5   222.7   237.1   390.6   485.5   535.7   572.7   619.0   679.9   777.1  1333.5  5526.2 30459.6  33806.0    33771
read      396.5   453.4   160.7   222.8   236.4   326.8   386.2   424.1   453.7   490.8   542.4   651.0  1529.0  6132.1 13522.3  84710.0    84944
read      378.0   494.7   160.7   222.3   235.2   320.3   375.3   411.0   438.4   473.0   519.3   592.9  1048.4  6266.5 27972.7  85609.7    85666
read      390.4   462.9   160.7   221.5   233.8   328.1   402.5   451.5   485.2   522.2   564.3   626.5   917.7  6892.1 18696.7  51998.0    51918
read      407.4   234.7   160.7   225.1   239.4   359.4   456.0   500.6   529.2   559.8   596.3   664.6  1004.3  2933.3  7854.8  34527.0    34406
read      409.3   273.9   160.7   224.4   238.4   364.0   463.3   505.4   531.7   560.4   595.8   657.7   936.2  3201.6 13030.7  28517.7    28664
read      476.4   677.1   173.5   222.1   236.4   384.4   486.4   543.3   587.0   639.4   703.5   803.4  1934.7  8021.4 30232.4  38214.0    38289
read      521.4   872.6   173.5   223.9   240.2   424.7   525.3   579.3   616.4   657.2   706.2   788.4  3356.7  9263.4 32137.0  20715.0    20658
read      537.0   987.7   173.5   227.3   244.7   437.2   521.3   561.8   589.0   622.3   666.1   748.8  4026.0 10914.8 35989.5  13855.7    13840
read      376.3   501.2   160.7   219.6   231.4   311.8   358.1   388.0   411.7   442.9   487.8   565.6  1811.2  5450.5 26349.4  93241.3    93419
read      355.3   329.8   160.7   221.5   234.7   317.7   366.3   395.4   418.0   445.9   483.8   544.0   721.6  4533.0 10232.4  98386.3    98284
read      358.0   335.5   160.7   218.8   229.4   310.8   366.9   402.9   431.9   467.7   512.3   574.5   768.5  4441.8 10945.4  71558.3    71313
read      388.7   323.5   160.7   220.2   232.1   332.2   417.0   466.6   499.1   533.9   574.3   633.1   892.9  3742.1  9592.2  42033.3    42089
read      400.6   328.5   173.5   224.5   238.4   344.7   427.6   476.4   509.8   544.9   585.7   642.0   914.8  4222.7  9840.2  46597.7    46458
read      402.0   378.3   173.5   221.1   233.7   346.5   444.4   486.5   512.9   540.0   575.6   635.8   981.9  3875.0 15887.0  30751.7    30755
read      417.4   605.0   160.7   223.2   236.8   341.6   430.4   481.4   515.3   549.6   595.5   683.5  1354.9  6530.5 21370.7  42885.7    42889
read      381.9   516.2   173.5   224.1   238.0   328.4   384.0   418.9   445.4   478.7   525.3   607.2  1025.7  5456.5 16263.1  93569.7    93552
read      391.0   454.9   160.7   224.1   237.8   331.2   399.2   443.3   475.8   513.9   561.0   636.1   974.6  5259.2 18497.1  65780.3    65694
read      448.3  1077.7   173.5   226.4   241.2   373.2   469.4   512.9   541.1   574.4   618.6   700.4  1372.5  9075.1 58151.0  29730.0    29574
read      421.7   910.6   173.5   223.3   236.6   338.8   425.6   475.2   509.5   548.7   598.8   690.7  1145.6  7528.9 56884.9  51448.0    51355
read      406.5   562.3   160.7   224.9   238.9   338.1   413.2   459.9   494.8   535.2   585.7   676.4   999.6  6437.0 21535.4  67318.7    67361
read      480.5   859.3   173.5   234.1   249.8   427.2   497.6   532.0   555.4   585.9   631.0   720.0  1908.2 12022.7 35481.9  16244.7    16287
read      392.8   446.6   160.7   223.7   237.5   332.9   399.1   441.9   473.9   513.5   566.6   662.1   999.0  5135.5 17434.9  81401.3    81508
read      360.9   485.8   160.7   219.6   230.9   312.1   363.6   395.8   420.9   452.2   494.7   561.1   795.1  5858.7 20427.7  87413.7    87619
read      351.2   355.6   160.7   219.9   231.5   310.7   357.0   385.8   406.7   434.5   470.8   533.7   761.6  5158.9 10976.3  99056.3    99068
read      431.5   600.1   173.5   224.0   238.1   342.9   422.7   471.7   508.0   547.1   595.6   707.0  1977.6  7356.9 30504.2  51282.3    51267
read      421.6   325.0   173.5   234.7   251.5   404.5   452.2   476.7   495.2   516.3   546.1   609.0  1264.4  3832.7 12545.9  11821.3    11822
read      371.0   436.9   160.7   224.8   238.8   325.7   377.0   408.0   431.9   461.4   500.0   563.5   855.8  5129.0 14394.7  97338.0    97494
read      360.1   326.1   160.7   222.2   235.2   319.2   368.9   399.0   422.8   452.2   492.1   559.4   864.1  4941.9  8986.7  97747.3    97350
read      382.2   409.2   160.7   221.8   234.4   327.5   396.4   439.6   471.5   509.8   551.8   615.0   873.4  4573.9 13230.1  55652.7    55460
read      363.3   394.1   173.5   221.8   234.7   318.7   371.3   404.4   430.5   461.9   502.1   563.1   745.0  5296.6 15486.0  86028.3    85984
read      371.9   412.1   160.7   221.5   233.8   317.5   372.5   406.9   434.3   468.1   514.3   586.6  1070.2  6029.0 17784.8  82122.3    82043
read      401.3   373.4   160.7   226.3   240.6   344.4   420.0   465.4   498.1   534.0   576.6   643.8  1143.9  3905.3 12375.1  52753.7    52873
read      444.9   515.9   173.5   236.0   251.7   419.0   472.7   499.9   519.3   541.9   574.2   630.9  1200.2  8305.4 18771.2  13822.7    13911
read      394.4   324.4   160.7   225.2   239.3   341.4   419.1   466.3   499.9   536.7   579.8   645.1   939.8  3954.0  9320.3  49803.0    49984
read      423.5   454.3   173.5   242.8   261.7   399.3   443.5   466.0   483.7   504.0   534.3   586.7  1044.8  6201.1 19576.1   9391.0     9274
read      436.8   368.3   160.7   234.3   251.0   393.0   479.5   518.9   543.7   573.2   610.5   679.7  1226.0  4339.4 10196.4  27163.7    27187
read      471.4   627.7   173.5   227.3   244.1   414.1   499.9   543.2   573.8   609.0   654.4   729.1  1685.3  7120.9 31550.9  18720.0    18735
read      441.9   736.4   160.7   225.1   240.0   332.8   388.1   425.1   455.8   496.8   559.5   758.8  2728.5  8785.4 31326.8  86213.0    86505
read      350.8   349.0   160.7   220.6   232.2   309.4   356.6   387.2   410.4   440.8   481.7   544.7   818.3  4164.6 15529.8  92763.7    93039
read      373.1   376.4   160.7   221.9   234.8   321.6   380.6   418.4   447.4   483.1   528.2   593.5   909.6  4706.0 12867.0  76057.0    75999
read      430.5   490.0   173.5   225.8   240.5   368.1   468.7   514.6   543.0   575.1   616.9   692.3  1254.6  4643.2 28204.3  32377.0    32324
read      394.9   447.4   160.7   223.1   236.7   328.0   387.9   426.7   457.1   495.2   546.9   664.0  1420.0  5783.2 16199.5  84108.7    84255
read      354.7   429.8   160.7   218.9   229.9   311.0   363.5   396.3   422.0   453.6   495.3   555.8   721.9  5000.1 18466.9  81795.3    81759
read      393.5   444.1   160.7   219.6   231.0   332.6   421.8   468.6   498.3   528.4   562.8   622.7  1010.4  5675.4 15927.2  37128.7    37291
read      375.6   243.6   160.7   221.1   233.1   324.8   397.2   442.9   475.8   512.4   553.5   616.9   886.4  3205.4  8116.8  53828.7    53818
read      428.0   314.4   173.5   227.6   242.8   377.9   471.2   514.0   542.4   575.3   618.6   696.2  1270.2  3126.8  8133.7  30241.0    30297
read      422.4   309.3   173.5   228.0   242.9   375.1   467.9   510.4   537.5   569.0   610.3   683.6  1134.2  3535.7 11447.1  31559.3    31569
read      486.2   748.5   160.7   227.4   243.8   400.2   495.2   549.7   591.1   640.0   702.9   801.1  1705.2  9332.7 31956.3  38857.7    38927
read      582.7  1163.2   173.5   239.5   259.3   457.8   533.4   571.8   598.9   634.2   701.4   962.5  3753.2 19539.8 33466.7  10629.7    10652
read      415.3   469.3   160.7   228.9   244.2   343.2   403.0   441.5   472.2   514.8   581.5   748.6  1506.7  5586.1 13938.5  97587.7    98119
read      396.2   300.6   160.7   222.8   236.1   336.6   420.3   471.5   505.9   542.0   585.1   661.8  1032.9  4021.8  9981.1  48146.0    48176
read      406.1   461.8   173.5   222.3   235.1   342.8   440.9   488.7   518.7   548.9   584.5   643.5   981.9  4345.8 16989.4  34825.0    34929
read      370.9   744.3   173.5   221.0   233.0   318.5   378.5   417.5   447.6   483.8   528.7   591.1   844.9  4402.2 14244.4  69805.0    69735
read      409.6   413.8   173.5   223.5   237.2   378.8   454.4   485.8   506.1   530.3   558.8   611.9  1039.2  6122.0 12884.4  20876.7    20753
read      349.7   390.7   160.7   218.7   229.4   307.4   355.8   387.4   411.6   442.7   484.2   545.1   724.9  4924.1 15271.9  84378.3    84642
read      395.1   261.5   173.5   222.1   235.2   339.7   426.8   476.5   509.0   542.3   580.9   639.1  1011.3  3730.3  6201.8  42364.0    42333
read      362.5   329.3   160.7   219.0   229.6   313.2   374.3   415.4   447.6   485.1   528.5   585.6   787.7  4046.9 10053.4  61558.3    61587
read      357.7   340.2   160.7   219.7   231.1   314.3   369.4   403.3   430.8   464.1   506.1   566.1   735.2  4291.9 10222.4  78167.3    77998
read      351.3   353.8   160.7   219.4   231.0   310.8   358.4   388.4   410.7   438.5   477.0   540.0   797.4  4848.3 10990.3  97453.3    97625
read      407.9   413.3   173.5   222.6   236.1   372.6   456.9   490.8   512.4   537.2   568.8   622.8   913.5  5254.2 14964.7  23633.0    23781
read      387.7   274.4   160.7   223.6   237.1   330.5   398.6   443.0   475.6   515.1   566.1   662.2  1129.6  3938.0  9789.1  66455.0    66723
read      441.2   430.9   173.5   227.1   241.6   373.0   466.1   509.6   539.2   575.6   628.0   763.2  1626.4  4812.0 16069.0  31119.3    31016
read      389.7   262.0   160.7   223.3   236.5   336.0   415.6   463.8   496.5   531.6   572.6   637.0  1015.0  3727.9  7397.6  47494.3    47394
read      366.1   441.5   173.5   223.7   237.3   320.2   370.8   402.3   427.6   457.9   498.0   562.7   859.9  5079.0 21079.7  95479.7    95335
read      406.5   448.3   173.5   250.7   268.9   375.4   411.6   431.3   446.6   464.5   492.3   544.4  1133.6  6005.0 21655.1   5286.3     5252
read      389.5   454.2   160.7   224.9   238.7   333.1   398.3   439.4   470.5   507.6   551.1   620.0   967.3  5694.7 21178.3  65837.3    65908
read      400.4   330.1   173.5   224.3   238.2   382.8   444.6   470.9   490.0   509.3   538.6   584.3   804.5  3239.2 13589.8  16954.7    16889
read      388.8   324.9   160.7   221.2   233.2   331.0   413.0   462.5   495.0   528.8   566.9   625.5   921.1  4315.5  9720.5  42682.0    42912
read      352.9   384.8   160.7   220.5   232.3   310.2   356.7   386.3   408.5   437.2   477.2   541.3   830.3  4738.7 13335.9  99671.3    99898
read      394.0   335.5   160.7   220.3   231.9   347.1   446.5   482.9   505.6   530.9   560.5   610.0   856.3  3290.3 11124.0  26284.7    26385
read      398.5   271.2   173.5   221.8   234.8   368.8   451.8   485.0   506.0   531.0   560.6   611.0   871.1  3208.7 10364.8  22425.0    22616
read      372.2   290.3   160.7   219.0   230.1   321.1   393.9   439.1   471.8   509.0   548.8   608.1   843.1  3514.7  7808.0  50656.0    50605
read      356.5   366.1   160.7   219.8   231.4   313.3   363.8   395.5   420.2   450.7   491.1   551.9   797.5  4513.7 13104.3  90586.7    90283
read      386.8   332.0   160.7   219.3   230.6   342.2   433.5   470.2   493.0   517.5   547.0   596.1   804.6  3759.0 14592.4  26157.0    26273
read      379.2   437.3   173.5   218.8   229.5   318.9   394.1   443.5   477.7   513.8   551.5   610.8   883.4  4207.1 19903.9  48531.0    48521
read      391.4   294.8   160.7   219.1   230.0   333.5   430.1   475.8   503.7   533.6   569.4   629.6  1002.4  3848.6 10005.9  34176.3    34058
read      357.8   421.8   160.7   219.1   230.0   311.1   365.2   398.7   425.3   458.1   500.9   561.0   746.8  5185.1 18594.5  75450.3    75648
read      402.0   345.0   173.5   222.9   236.7   380.9   451.1   479.9   499.0   520.9   546.6   589.4   926.5  3364.3 19030.9  19297.3    19482
read      428.3   548.8   173.5   228.0   243.3   397.1   453.3   479.9   498.9   522.2   552.5   624.8  1240.2  6388.1 24621.8  15011.3    15054
read      421.9   560.4   173.5   224.6   238.7   335.4   399.2   441.8   475.5   520.0   583.7   753.4  1900.0  6673.9 28165.4  75826.7    75754
read      441.6   664.7   173.5   255.7   273.9   392.5   433.0   459.0   478.6   504.8   546.2   654.2  1369.0  6397.0 31769.2   5223.3     5187
read      455.6   574.3   173.5   236.6   253.3   405.3   471.2   504.3   529.5   559.4   606.4   722.9  1547.0  7985.6 27099.4  17600.3    17656
read      357.0   437.3   160.7   221.3   233.5   311.6   359.1   389.6   413.2   443.3   484.9   549.4   861.6  4509.7 15087.7  96541.0    96343
read      393.7   374.1   173.5   220.9   232.7   335.6   427.9   475.4   505.6   535.9   571.3   626.0   869.6  3757.0 12158.9  36519.0    36665
read      348.6   293.2   160.7   218.9   229.7   309.0   359.1   390.3   414.3   444.7   485.3   544.6   741.6  4118.6  7798.4  85508.3    85269
read      409.7   262.4   173.5   224.3   238.5   359.8   458.8   503.6   531.6   561.6   595.7   662.2  1017.4  3482.3  9387.5  31507.3    31525
read      368.2   356.4   160.7   219.6   230.6   314.0   374.9   416.5   449.3   487.9   532.0   589.1   802.6  4633.5 14785.6  61699.0    61798
read      413.3   443.5   173.5   229.0   245.1   387.4   435.5   459.1   474.7   495.7   522.2   571.7  1142.9  6327.2 19464.0  12265.3    12253
read      398.0   344.7   173.5   222.1   235.2   360.7   445.6   481.2   503.8   528.8   556.9   601.3   826.1  4262.1  9829.3  25963.7    25710
read      354.8   384.5   160.7   218.7   229.4   307.6   357.8   390.8   416.8   449.8   493.2   552.1   761.7  5316.4 12762.6  79870.3    79937
read      399.7   323.2   187.4   245.3   264.7   378.8   415.5   435.4   451.5   468.1   496.4   545.8   913.6  3987.1 10997.7   7280.3     7271
read      359.9   477.2   160.7   219.0   229.9   310.6   360.3   391.4   415.2   444.9   485.1   546.3   812.7  5508.8 24617.5  85427.0    85861
read      359.5   410.7   160.7   219.3   230.8   313.1   362.6   392.8   416.4   446.0   486.3   548.8   821.5  5450.0 12807.4  90958.0    91467
read      366.6   359.4   160.7   219.4   230.6   315.1   373.8   411.1   440.0   476.8   523.7   588.6   963.4  4001.8  9954.7  71902.7    72217
read      409.1   442.0   173.5   222.2   235.5   349.0   452.8   498.0   525.7   553.9   588.0   643.7  1001.3  3922.8 20054.3  30969.3    31080
read      366.9   482.5   160.7   219.4   230.7   313.7   368.6   403.7   431.3   466.6   512.4   580.4   896.5  4834.5 20483.9  76745.0    76878
read      353.4   375.7   160.7   220.4   231.7   312.0   363.8   395.6   420.6   451.9   492.8   551.9   774.6  4350.9 12820.3  84664.7    84584
read      423.6   469.5   173.5   232.2   247.8   398.8   450.2   474.0   493.4   514.5   543.7   590.5  1299.9  6086.0 20125.0  12442.0    12492
read      375.1   358.7   173.5   221.0   233.3   322.3   391.4   435.9   468.5   504.9   546.3   607.1   865.1  3543.8 12739.5  57020.0    57106
read      379.6   341.3   160.7   222.9   236.7   324.2   377.9   411.8   438.0   471.0   519.5   615.2  1318.7  4559.9  9361.6  96048.0    96245
read      429.8   382.7   187.4   252.9   273.6   403.0   445.4   468.2   486.9   507.3   539.0   595.2  1183.5  4507.6 15044.2   6791.0     6791
read      369.0   352.6   173.5   222.4   235.7   320.1   372.3   404.3   430.4   462.3   505.3   579.7  1100.9  4064.9 10362.1  90673.3    90728
read      438.6   753.6   187.4   256.6   275.7   390.4   426.7   447.5   463.0   483.8   513.5   577.4  1246.1 11208.8 32079.2   5180.3     5151
read      364.8   385.5   160.7   223.6   236.9   318.8   372.4   405.9   433.2   466.0   508.5   574.3   802.1  4932.5 13592.8  82529.0    82969
read      404.1   348.8   173.5   224.0   237.7   341.8   433.2   486.8   521.8   557.0   595.7   664.4   987.9  4074.7 13786.6  42621.7    42635
read      360.6   418.7   160.7   222.6   235.9   317.8   365.9   395.8   419.2   447.9   487.1   549.1   806.4  5095.8 12744.4  99055.7    99337
read      345.7   386.8   160.7   219.3   230.3   306.4   351.4   379.7   401.1   429.4   466.5   526.3   691.3  4657.7 13802.4  95146.7    95192
read      366.7   352.0   160.7   220.8   232.9   316.2   374.9   413.5   443.9   482.3   528.8   590.6   818.3  4261.3 11028.6  68960.3    69200
read      387.0   273.7   160.7   221.3   233.8   333.3   410.9   458.6   493.6   531.4   574.1   634.9   977.3  3386.2  7805.9  49478.3    49459
read      437.1   668.6   173.5   224.1   238.1   364.1   466.0   510.3   537.5   566.9   600.7   663.2  1120.6  9391.6 32063.7  29067.3    29055
read      381.6   338.0   160.7   222.2   235.2   327.3   392.4   432.0   463.7   501.9   547.2   616.4  1021.8  4715.6 10972.1  64064.0    64324
read      392.3   336.3   187.4   254.2   272.6   372.2   406.3   426.0   438.9   457.8   481.2   528.8   752.5  4166.2 13199.2   5752.3     5705
read      359.8   341.1   160.7   221.9   234.6   317.0   370.1   402.1   427.8   459.2   500.4   562.0   777.2  4598.5 10079.9  84557.0    84816
read      411.7   289.0   173.5   224.3   238.2   379.4   470.6   505.2   527.1   549.2   581.6   634.3   911.1  3227.7 11045.8  23556.0    23714
read      380.1   473.1   160.7   222.7   236.0   325.2   387.2   425.5   455.2   491.1   535.8   600.9   878.1  5897.2 28422.9  74366.0    74116
read      452.2   446.6   173.5   232.1   247.8   416.8   489.2   521.8   543.2   570.5   606.9   687.3  1669.7  5697.9 15079.3  19921.0    19948
read      403.2   350.0   173.5   223.8   237.6   345.9   434.5   486.8   520.6   556.4   598.1   665.8   968.5  3811.1 11332.9  44137.7    44213
read      442.2   507.1   173.5   229.4   245.0   410.5   486.8   521.7   544.3   573.1   610.7   676.9  1071.1  5527.9 30762.3  19501.7    19454
read      428.1   474.5   173.5   251.5   270.9   404.7   444.3   465.9   483.9   505.3   535.5   584.3  1036.0  6667.8 30805.5   7134.0     7190
read      406.7   620.3   173.5   226.5   241.1   356.3   434.7   479.5   510.5   544.9   588.0   663.8  1018.8  3850.0  9712.0  47579.7    47657
read      417.1   343.4   173.5   227.4   242.1   356.5   445.0   495.6   530.5   568.6   616.0   693.9  1187.8  3825.5 12890.6  44301.7    44399
read      453.4   695.5   187.4   255.6   275.2   400.4   441.9   465.4   484.2   506.2   540.7   619.8  1677.9  7600.4 31575.9   6560.3     6481
read      415.1   594.8   187.4   255.4   274.0   377.2   412.7   432.2   447.3   464.3   489.8   536.2  1076.4  6244.3 30435.2   5780.7     5807
read      368.9   348.5   173.5   222.5   235.7   324.5   381.7   415.9   441.6   473.1   515.1   580.8   856.2  4250.8  9415.0  82977.3    83137
read      443.1   746.5   187.4   239.9   258.7   399.9   443.2   465.0   482.1   502.6   532.6   583.2  1234.4  9389.5 31533.9   9591.7     9580
read      413.2   364.1   160.7   226.7   241.5   363.2   446.6   492.2   522.2   553.8   591.3   659.3  1063.7  3998.4 11181.9  37546.7    37385
read      413.6   385.6   173.5   223.9   238.0   359.1   456.9   504.3   534.1   566.1   603.9   670.2   971.3  3729.6 16844.2  33726.7    33706
read      463.1   597.9   160.7   222.4   236.6   378.7   484.1   536.9   574.4   622.8   691.8   820.5  1628.6  6737.2 30417.3  34981.3    35204
read      422.7   661.0   160.7   221.3   234.0   336.0   413.5   463.2   499.8   539.5   586.1   673.0  1717.7  9566.6 31133.2  50415.3    50438
read      392.8   356.5   160.7   222.6   235.6   336.1   414.6   463.4   498.0   535.3   577.8   638.7   936.0  4540.6 10558.9  48757.0    48878
read      391.3   273.5   173.5   222.4   235.3   339.7   424.1   472.8   506.1   539.5   578.1   634.7   861.1  3530.6  9721.2  42668.7    42682
read      424.6   314.5   173.5   226.9   241.8   382.5   477.1   518.2   543.6   573.0   609.7   676.2  1115.7  3342.5 13080.6  27342.7    27416
read      387.1   409.8   160.7   225.1   239.0   333.4   399.6   441.0   471.6   508.9   553.4   620.4   879.2  5320.4 12820.4  64652.7    64424
read      387.6   485.6   173.5   224.4   238.1   331.4   396.6   438.0   469.8   507.7   554.3   623.4   922.6  4489.9 26088.4  64491.0    64364
read      414.8   417.5   187.4   255.9   275.3   383.3   419.3   438.1   454.8   471.5   500.9   550.9  1123.0  7616.9 15278.0   5488.3     5481
read      432.0   349.6   173.5   231.9   248.3   393.0   470.9   509.8   534.4   561.9   594.9   666.1  1193.2  4535.0  8698.8  26145.0    26227
read      530.6   958.9   160.7   225.4   241.1   423.6   524.0   578.0   623.3   683.6   762.1   933.9  2478.9 12613.4 32440.9  26563.0    26586
read      394.1   660.8   160.7   222.0   235.1   319.5   369.4   400.9   426.8   459.2   503.4   578.0  1783.5  8973.5 30989.3  86131.3    86286
read      415.3   263.1   173.5   227.9   243.5   381.7   474.5   510.6   534.5   561.0   592.5   649.4   940.9  2927.8  8907.7  24441.3    24452
read      430.8   499.7   173.5   227.3   242.4   371.6   475.8   517.4   543.2   572.3   608.3   673.8  1059.2  5958.3 25766.6  26848.7    26832
read      499.8   825.4   173.5   225.4   241.5   406.4   506.7   559.5   600.1   653.2   718.9   827.2  2002.7 10786.9 32009.7  29707.7    29795
read      443.2   554.5   160.7   226.0   240.8   358.3   447.6   501.2   538.9   580.7   638.9   766.4  1598.4  7296.2 27529.8  46193.3    46224
read      357.7   288.1   160.7   221.2   233.8   314.1   365.2   397.2   423.0   455.4   499.3   565.7   844.7  4192.3  8391.4  84835.3    84587
read      370.7   397.5   160.7   220.0   231.6   318.2   381.5   422.0   453.3   491.1   537.1   598.8   792.9  4685.7 15639.1  63491.0    63389
read      398.4   413.2   160.7   222.5   235.9   341.2   423.7   472.8   507.6   543.1   584.2   647.4   931.5  3786.9 17428.4  47034.0    46953
read      358.3   341.8   160.7   221.0   233.2   314.5   364.7   395.7   420.0   450.2   490.6   550.7   786.2  5376.0  9758.1  90558.3    90536
read      423.7   279.7   173.5   235.0   251.7   417.7   469.0   493.8   509.4   531.8   557.7   609.4  1003.7  3295.4 13178.5  12429.7    12508
read      406.7   429.2   173.5   224.1   238.0   351.8   438.7   485.8   515.9   546.3   583.1   641.2   961.2  4385.6 19113.0  38513.0    38491
read      349.2   354.7   160.7   221.5   233.7   312.9   359.7   389.1   411.3   439.2   476.9   536.4   718.2  3861.9 14355.3  97850.3    97806
read      423.1   307.7   173.5   237.5   253.6   414.3   462.4   486.9   503.4   524.3   548.0   596.8   823.2  4558.0 13041.1  11716.3    11813
read      406.6   302.5   173.5   225.7   239.9   355.3   443.4   492.1   524.0   557.4   594.6   660.2   968.0  3459.2  8844.3  39488.0    39665
read      401.7   492.6   160.7   225.7   239.8   343.1   418.8   464.3   497.9   535.3   579.4   642.6   958.7  5086.7 30073.4  53706.3    53571
read      380.8   368.0   160.7   222.3   235.1   326.9   392.9   432.8   464.2   501.9   547.1   614.0   880.2  4926.2  8739.7  63178.0    63215
read      359.1   354.8   160.7   219.2   230.2   311.2   366.1   401.0   429.2   464.0   509.2   575.3   838.0  4428.2 12414.2  78900.7    78767
read      405.7   325.6   173.5   239.9   257.8   385.5   425.8   446.5   461.1   478.8   505.1   548.2  1216.4  4053.6 12631.0   8651.7     8615
read      368.9   361.8   160.7   219.5   230.6   317.2   377.4   415.1   444.3   479.9   525.0   587.0   875.6  4460.6 10979.7  67427.0    67903
read      430.2   535.2   173.5   227.5   242.3   404.9   467.8   497.5   517.3   538.9   567.8   620.8  1119.9  5821.5 30947.4  16423.7    16398
read      390.0   528.7   160.7   220.5   232.4   328.2   398.8   443.6   476.7   514.2   556.8   621.8   972.0  5884.6 25805.4  53403.3    53434
read      401.4   285.8   173.5   223.1   236.8   344.9   441.2   491.8   524.0   557.6   593.4   655.3   931.4  3464.2  9642.2  38041.7    38068
read      429.9   386.4   173.5   243.6   262.3   414.0   457.7   480.1   497.3   517.9   546.7   598.8   949.1  6303.4 14212.9   9212.0     9130
read      384.6   402.8   160.7   223.8   237.3   330.7   396.1   436.9   467.9   505.4   551.6   626.0   975.7  4640.1 17785.4  68987.0    69227
read      408.9   472.9   160.7   222.7   235.8   344.7   436.8   485.8   517.0   549.1   587.5   651.7   997.3  5374.0 16212.3  37628.3    37496
read      361.4   363.7   160.7   220.6   232.4   314.7   367.4   399.4   425.0   456.9   499.2   565.5   818.2  4400.7 13609.7  84041.7    83925
read      384.3   325.6   160.7   221.5   234.0   332.2   405.4   452.5   486.1   523.7   566.1   627.5   885.4  3768.8 11618.3  51026.3    51037
read      397.7   277.2   160.7   222.0   234.9   346.0   443.4   490.1   519.5   549.4   587.4   651.1   876.4  3083.8 11597.0  33626.0    33690
read      392.8   418.3   173.5   222.8   236.1   334.1   408.2   455.0   489.1   527.0   569.8   633.6  1000.5  4977.9 17959.0  51497.3    51474
read      362.9   362.9   160.7   221.3   233.5   318.2   374.6   410.8   438.0   471.3   514.3   576.3   767.2  4785.1 10232.3  73788.0    73708
read      366.3   395.6   160.7   222.5   236.1   322.6   372.9   403.1   427.2   456.7   496.5   560.0   831.7  5387.3 12720.8  98410.3    98618
read      357.7   377.7   160.7   220.3   231.9   312.7   365.0   398.3   424.9   457.4   499.6   563.7   797.3  4876.1 12739.9  81880.7    81977
read      361.5   416.3   160.7   222.1   235.0   318.3   370.1   400.9   425.4   455.3   494.5   552.4   756.0  5042.9 16164.6  91631.3    91567
read      392.6   371.5   173.5   222.9   236.5   336.6   414.9   463.6   497.4   533.8   577.3   641.2  1058.1  3474.6 15344.8  47917.0    48236
read      348.7   287.1   160.7   220.4   231.8   311.0   359.1   389.4   412.3   440.8   480.2   540.3   717.0  4721.1  6909.0  91780.0    91726
read      393.9   488.7   173.5   221.8   234.5   327.8   399.8   447.2   481.3   520.0   563.1   625.3   992.0  8743.8 19292.1  52642.7    52458
read      370.8   354.2   160.7   221.7   234.3   320.9   381.5   420.4   450.0   486.0   532.0   598.4   875.2  4445.3  8704.5  70439.3    70467
read      361.7   274.0   160.7   220.6   232.2   315.6   373.7   413.3   443.6   480.3   526.3   589.5   804.6  3723.9  8348.8  71187.0    71151
read      384.8   475.3   160.7   222.3   235.1   327.1   393.3   433.8   465.2   503.0   548.1   616.1   976.6  5097.2 28747.5  65058.0    65016
read      392.2   347.2   160.7   221.6   234.4   337.3   422.1   471.0   504.4   539.0   579.4   640.7   921.3  3408.3 17140.6  42188.7    42057
read      366.4   366.4   160.7   220.6   232.7   318.4   375.0   409.6   436.2   469.6   512.5   578.9   849.5  4753.5 12119.6  78859.3    78821
read      380.4   450.3   160.7   221.0   233.0   322.4   391.3   434.7   467.5   505.6   549.0   614.4   844.0  5994.7 15290.4  60839.3    60720
read      412.1   519.1   173.5   223.0   236.7   344.0   435.8   486.1   518.0   550.8   590.3   653.6  1081.7  6269.2 26886.9  39886.0    39911
read      428.0   523.1   173.5   236.1   252.8   401.5   445.3   466.9   484.0   503.1   531.6   581.4  1292.5  8411.3 18565.3  10576.7    10628
read      371.8   355.1   160.7   221.9   234.7   324.4   385.8   423.8   452.4   487.2   531.7   593.5   819.8  4440.1 12262.8  73651.3    73736
read      404.8   428.3   187.4   244.9   264.6   376.5   413.5   431.8   445.8   462.1   485.5   530.2   823.3  7163.3 16189.5   7336.3     7334
read      349.3   348.5   160.7   219.2   230.3   309.0   357.2   387.4   409.7   438.0   477.4   540.1   744.5  4045.7 12341.4  91379.7    91868
read      361.8   329.1   173.5   221.2   233.3   317.7   373.6   408.9   435.9   469.1   512.5   576.4   763.1  4249.9 11950.1  76734.7    76670
read      423.5   449.3   173.5   236.6   253.9   405.3   449.4   470.2   488.0   506.6   537.0   587.4  1032.7  6618.3 18192.0  10392.0    10405
read      416.6   401.0   173.5   227.5   242.7   377.6   462.8   500.8   524.6   548.5   581.7   637.0   866.3  4391.1 14776.2  25921.0    26019
read      391.0   442.1   173.5   223.0   236.4   333.7   404.5   450.8   485.0   524.6   570.2   635.7   903.9  4748.7 21143.6  55349.7    55530
read      409.6   301.8   173.5   223.8   237.9   361.0   457.1   498.8   525.3   552.8   587.0   646.8   983.7  3738.7  9969.3  29560.0    29615
read      378.2   446.6   160.7   222.2   235.2   323.5   386.8   426.5   457.0   493.7   537.8   598.4   804.2  5648.8 15949.0  65998.3    66057
read      385.8   414.8   173.5   222.4   235.5   330.4   399.7   445.0   478.3   516.2   559.2   622.7   893.8  4431.5 14842.1  55330.7    55281
read      429.3   333.8   173.5   227.8   242.7   400.5   487.0   522.5   544.7   570.5   600.1   660.0  1069.3  3962.8 12568.7  21209.3    21177
read      360.9   475.5   160.7   219.9   231.3   311.4   360.9   391.9   415.7   445.4   486.6   548.4   914.8  5697.1 29125.7  88145.0    88239
read      370.7   491.8   160.7   218.5   229.2   312.1   368.1   403.9   433.4   469.3   515.5   582.0  1018.0  6291.2 25508.1  70457.7    70227
read      397.7   290.4   160.7   222.2   235.3   365.3   450.6   485.1   507.0   532.7   563.5   615.5   798.0  3353.2 12527.0  23440.0    23421
read      357.8   345.8   160.7   220.7   233.1   318.3   368.5   398.3   421.3   449.2   486.9   546.7   777.8  4419.0  9402.7  97111.3    97104
read      393.0   361.3   173.5   249.6   269.0   369.7   404.4   425.5   439.5   458.3   481.8   524.9   723.0  5494.4 15913.6   6292.3     6235
read      369.3   335.5   160.7   220.3   232.3   325.3   388.4   426.9   456.6   491.7   533.6   589.8   786.8  3568.1 11371.8  57753.0    58045
read      410.9   358.2   160.7   224.2   238.2   370.5   457.9   494.2   517.8   543.4   576.1   630.0   910.1  6031.6 11585.7  23691.0    23729
read      389.3   367.5   173.5   221.2   233.8   334.9   416.0   464.8   497.6   530.9   568.8   627.0   865.7  4209.4 11393.5  40923.3    40897
read      379.9   355.7   173.5   220.5   232.8   328.7   398.9   442.7   474.8   512.8   556.7   622.6   853.8  3757.6  9451.0  53413.7    53312
read      356.1   346.8   160.7   219.9   231.5   313.5   364.4   396.3   421.5   453.0   495.3   558.2   852.5  3466.3 14995.3  87290.3    87262
read      355.1   275.2   160.7   220.1   231.5   314.3   367.6   399.9   425.3   457.1   499.4   561.5   779.5  3819.9  8317.2  81797.0    81836
read      348.6   321.3   160.7   219.6   230.8   310.1   359.0   389.2   411.9   440.5   480.0   539.8   725.2  3897.4 11580.8  92287.3    92274
read      389.8   341.9   160.7   221.5   234.3   334.4   413.8   465.2   502.4   540.5   582.8   641.8   860.6  3697.0 12213.4  47342.3    47252
read      370.3   448.7   160.7   221.6   234.1   321.6   378.7   414.4   441.9   475.7   519.8   583.7   833.3  4580.4 18869.3  75901.7    75747
read      345.3   223.0   160.7   218.7   229.4   308.6   359.7   391.6   416.2   447.5   489.0   547.3   729.1  3089.5  7983.9  81058.0    80994
read      338.9   264.8   160.7   218.6   229.3   305.7   350.1   377.6   398.6   425.3   460.6   516.5   679.1  3504.9 10758.8  98113.7    98224
read      392.7   500.0   187.4   242.5   262.0   367.3   402.9   422.5   435.0   453.1   472.4   515.8   810.2  7020.0 21566.0   7824.3     7737
read      397.0   322.9   160.7   225.2   239.9   359.3   429.0   467.8   495.5   526.0   561.9   619.7   896.5  4016.8 10894.3  37393.7    37514
read      488.0   945.1   173.5   234.9   254.5   413.9   475.8   511.3   538.2   569.2   609.7   685.3  2416.9  9137.4 32474.5  10688.0    10640
read      390.6   858.6   160.7   220.5   232.6   316.9   366.1   395.0   418.1   448.1   490.6   562.0  1594.4 10463.9 34713.1  90371.3    90490
read      351.5   501.3   173.5   221.0   232.8   313.0   361.5   392.1   416.0   445.9   485.9   545.9   738.7  3598.9 11634.3  92439.3    92514
read      358.4   262.6   160.7   221.6   234.3   319.5   372.1   403.8   429.3   460.2   501.7   567.1   793.1  3487.9  9743.7  88981.3    89245
read      355.2   341.7   160.7   219.2   230.1   311.8   367.4   402.8   431.5   466.7   510.8   573.3   766.5  3524.0 12188.0  73762.7    73823
read      386.0   390.2   160.7   220.4   232.6   329.6   405.2   453.6   487.1   523.7   565.2   624.4   863.5  4555.3 11966.4  46488.7    46565
read      398.7   226.2   160.7   224.2   238.3   377.5   453.3   485.9   507.1   531.6   560.6   611.2   813.2  3053.1  8392.1  21487.7    21419
read      358.1   278.6   160.7   219.0   230.1   315.0   373.4   411.4   441.0   477.3   522.3   582.0   734.9  3517.2  9934.5  66878.7    66915
read      392.2   475.4   160.7   219.7   231.6   337.0   425.8   469.5   497.4   526.9   560.9   615.5   831.5  5837.1 30612.8  31734.7    31667
read      360.2   404.5   160.7   218.6   229.4   310.7   365.3   400.3   428.8   463.8   508.1   572.5   859.0  4853.5 12483.7  72043.3    72255
read      342.6   195.8   160.7   220.2   231.6   309.5   355.5   384.5   406.1   434.9   473.1   536.3   745.6  3270.2  6351.6  99359.0    99535
read      396.2   378.2   173.5   237.2   254.1   379.3   420.8   441.7   458.0   475.7   502.4   545.4   766.4  4480.8 18411.7   9350.3     9226
read      368.4   436.8   160.7   220.5   232.2   317.9   376.8   413.8   442.0   477.8   521.6   582.4   746.9  6113.5 15962.7  67585.3    67844
read      352.7   298.6   160.7   218.7   229.1   311.3   365.4   400.2   428.5   462.7   505.9   567.3   731.7  3962.3  9294.3  71387.3    71413
read      349.2   316.7   160.7   220.2   232.2   315.0   363.1   391.8   413.2   439.5   475.2   533.0   688.8  3809.5 11746.5  97463.0    97328
read      375.6   304.0   160.7   220.8   233.2   327.5   397.1   440.2   472.1   508.9   549.5   609.9   797.3  3594.8  9923.4  55029.7    55113
read      374.4   296.1   173.5   221.1   233.8   328.7   396.8   440.4   472.4   509.7   550.8   609.9   785.2  3619.0 11050.9  53696.0    53743
read      411.9   496.5   173.5   228.5   244.1   391.7   449.6   475.8   494.2   514.3   543.0   590.6   791.8  5662.1 35371.7  15210.7    15253
read      359.5   223.7   160.7   222.1   235.4   323.4   376.9   408.8   433.1   463.7   503.8   567.0   772.0  3456.5  7421.3  90686.7    90605
read      422.2   751.2   173.5   224.1   238.5   367.2   462.0   501.7   526.9   553.0   586.5   637.1   858.6  5954.2 37084.0  25874.0    25767
read      357.3   393.6   160.7   220.1   231.6   314.0   363.9   394.1   417.6   447.3   487.3   547.2   775.9  5436.8 15027.9  93665.7    93458
read      336.7   229.5   160.7   217.8   228.3   301.8   346.4   374.7   397.6   425.9   463.7   524.3   715.5  3401.4  8025.1  95139.0    95080
read      358.2   305.9   160.7   221.4   233.5   317.2   370.1   402.2   428.0   459.7   501.7   568.8   802.7  3662.7 10500.4  88249.3    88399
read      346.0   325.2   160.7   218.9   229.9   308.2   355.1   384.4   405.9   434.3   471.8   534.3   737.3  3983.8 10286.7  95571.0    95681
read      384.2   298.6   173.5   219.5   231.3   338.6   428.2   470.8   497.9   526.7   559.4   611.7   817.4  2517.2 13194.8  33066.7    33003
read      353.3   383.8   160.7   220.5   232.5   312.6   359.1   388.3   410.5   437.9   476.4   537.8   780.4  4127.5 19597.9  98674.0    98809
read      354.9   256.2   160.7   217.7   228.7   312.3   370.6   408.5   438.0   474.2   519.3   577.3   743.4  3325.9  8929.8  64682.7    64610
read      376.6   450.3   160.7   217.5   228.8   319.9   388.1   431.6   464.6   501.0   542.0   600.9   866.4  4993.6 17125.6  51237.7    51183
read      400.0   307.4   173.5   223.5   237.9   379.6   452.0   483.5   503.9   528.2   556.7   609.0   804.4  3559.6 12398.2  20273.3    20194
read      404.0   365.5   187.4   246.2   265.1   379.2   419.7   440.6   456.7   473.5   502.2   553.8   868.2  4884.2 12822.3   7644.3     7602
read      402.4   445.2   160.7   224.5   238.6   346.7   425.7   472.6   507.9   544.0   585.6   649.9   916.9  6033.0 28643.8  46524.0    46677
read      412.3   581.9   187.4   256.5   276.3   367.0   400.2   421.4   435.8   459.1   490.8   550.9  1184.2  7975.8 31167.3   5632.3     5577
read      406.1   278.8   173.5   231.9   248.5   381.0   452.5   485.4   506.2   530.8   559.8   609.2   807.6  2412.4 12500.4  22895.0    23035
read      373.5   306.7   160.7   220.3   232.4   325.0   388.7   429.1   460.1   497.3   540.8   604.2   907.5  3729.6  8763.0  57364.7    57516
read      362.9   374.8   160.7   220.4   232.1   317.6   377.6   416.2   445.9   482.6   526.9   587.8   756.8  3051.7 15543.5  62796.3    62851
read      385.9   245.4   173.5   221.2   233.5   335.9   420.2   467.2   498.4   530.7   568.0   626.7   877.7  3629.0  7110.7  38415.0    38431
read      390.6   251.4   160.7   222.2   235.5   354.2   445.4   482.5   505.4   530.8   560.3   607.1   773.7  2797.8  7130.1  25758.7    25729
read      502.1   939.0   160.7   225.0   241.5   406.7   487.8   534.6   571.4   616.2   671.1   753.1  2644.7 11870.8 36147.9  19395.0    19443
read      498.1   801.7   173.5   227.3   245.9   423.2   520.0   573.1   608.2   645.5   690.6   764.3  2296.1  6928.5 39250.9  19447.3    19461
read      443.7   838.6   160.7   220.7   233.2   340.3   426.3   477.8   513.0   550.3   595.3   688.5  1909.1 11036.4 32308.6  42037.3    42341
read      385.4   433.7   187.4   250.0   269.5   360.6   394.0   412.8   427.1   444.0   466.6   505.0   711.1  4631.2 19431.4   5670.3     5691
read      390.4   246.2   173.5   225.7   240.2   356.0   424.9   464.4   494.0   526.3   562.9   619.1   796.5  2561.3 10243.4  40125.7    40223
read      395.0   246.7   173.5   223.7   237.8   356.7   439.3   480.2   506.1   534.3   568.6   625.5   842.7  2921.0 11966.2  29901.3    29941
read      396.0   468.4   160.7   220.1   232.1   332.3   413.3   462.5   494.9   529.2   569.2   632.7  1021.4  8120.6 15413.6  41405.0    41162
read      377.1   245.2   160.7   219.4   231.1   329.9   406.5   454.3   487.6   523.1   562.4   621.5   796.1  2787.7 10082.0  44084.0    43863
read      416.2   472.1   160.7   224.8   239.2   383.2   458.5   491.2   512.4   538.4   571.2   626.7   998.5  6157.5 22939.8  20305.3    20318
read      344.7   322.3   160.7   218.0   229.1   308.8   356.0   385.5   407.4   435.7   474.5   536.3   717.1  3607.9 11754.7  93330.7    93421
read      392.1   336.0   173.5   222.9   236.7   339.8   415.2   461.5   495.9   533.7   577.8   641.9   900.6  4085.6 12183.6  48640.7    48578
read      394.6   238.1   173.5   223.1   236.7   344.1   429.4   477.0   508.9   542.8   584.8   652.3   994.5  2929.9  7757.1  40562.7    40595
read      431.7   440.7   173.5   229.3   244.9   407.2   471.9   502.8   525.2   549.2   586.3   652.3  1078.4  5090.7 18517.2  17700.3    17677
read      375.5   283.7   160.7   223.3   236.8   326.9   387.1   425.5   455.8   493.1   541.3   625.0  1037.6  3391.9  8589.6  78721.7    78948
read      444.1   563.2   173.5   240.2   259.2   397.5   443.0   467.8   488.7   512.6   549.6   646.5  1518.9  7678.8 30342.9   9684.7     9703
read      422.2   565.4   187.4   244.6   263.6   396.1   440.6   462.7   478.5   498.7   525.3   572.3   797.0  7255.5 38036.8   9668.7     9686
read      575.4  1310.1   187.4   244.2   265.2   411.6   469.6   503.4   529.8   562.6   619.2   899.8  5187.4 19568.7 41645.1   7944.0     7968
read      528.0   932.3   173.5   228.4   246.5   423.6   517.7   565.6   596.2   630.8   677.7   760.4  3404.1 11749.6 31963.2  15982.0    15830
read      594.9  1693.9   173.5   234.3   254.9   400.6   456.9   486.1   505.8   533.2   573.3   716.4  6189.6 31542.7 39896.9   8259.3     8192
read      378.8   445.2   160.7   220.1   232.2   318.5   372.9   407.7   435.7   470.3   519.7   599.9  1275.3  6140.4 16357.5  79105.3    79410
read      371.7   414.9   160.7   221.0   233.3   320.2   377.5   413.2   439.8   472.6   518.0   584.4   869.4  6168.7 12915.1  76681.7    76582
read      373.6   596.0   160.7   220.3   232.1   323.8   390.9   433.1   466.2   503.3   546.0   608.5   846.4  3491.9  9668.1  54635.7    54634
read      386.0   478.3   173.5   222.3   235.5   327.7   388.7   426.6   456.4   492.6   538.9   613.7  1186.3  6172.1 21554.6  72361.7    72177
read      417.7   397.5   160.7   228.3   244.2   403.5   460.3   487.6   505.4   529.3   558.8   614.2   812.2  5293.0 16582.5  15067.0    15101
read      415.9   441.9   187.4   246.5   267.0   385.8   426.0   447.6   462.9   482.3   507.8   555.1  1149.1  5509.0 23126.0   8135.3     8167
read      405.5   767.0   160.7   223.0   236.5   341.1   418.7   465.4   498.9   534.6   575.5   636.0  1051.2  6903.5 29888.7  44009.7    44130
read      383.7   387.4   160.7   220.2   232.0   325.0   396.6   443.5   479.0   518.1   561.9   624.9   966.8  4630.0 12706.8  52688.0    53047
read      355.8   268.4   160.7   222.1   235.5   321.3   372.0   402.2   426.3   455.3   493.9   553.4   740.0  3433.4  8286.1  96990.7    97171
read      376.7   553.6   173.5   224.1   238.3   331.7   388.6   423.2   449.7   481.4   524.3   589.2   819.1  5187.9 11724.7  81466.0    81360
read      354.7   245.3   160.7   220.0   231.8   316.0   369.8   403.4   430.9   464.1   507.0   570.5   781.4  2978.7  7914.6  77447.7    77277
read      395.8   281.0   173.5   221.8   235.0   344.4   432.2   480.2   511.6   544.4   583.9   642.0   946.4  3371.6 11019.0  38431.0    38294
read      438.4   778.4   173.5   236.4   254.5   392.2   437.5   461.8   479.2   501.2   532.8   593.7  1190.9  9721.0 31792.6  11135.3    11165
read      363.2   216.6   160.7   221.0   234.2   325.0   382.6   418.1   444.7   475.8   516.4   581.3   859.0  2423.3  7969.8  74156.0    74155
read      438.0   323.1   173.5   247.6   269.2   425.4   471.6   497.5   515.8   540.2   573.8   632.6   889.6  4180.3 13719.5  12221.7    12255
read      383.0   181.1   160.7   224.9   239.7   349.0   419.1   458.6   487.1   518.9   555.5   617.0   854.1  1627.4  4188.8  52134.3    52404
read      418.7   942.2   173.5   236.7   255.2   412.8   464.8   490.0   506.2   528.4   553.7   600.0   732.1  1823.4 11484.7  16903.7    17057
read      405.6   380.3   187.4   260.6   285.6   382.1   414.7   432.4   447.0   464.1   488.9   530.7   667.8  7118.9 14047.1   6081.0     6005
read      342.0   163.2   160.7   219.3   230.9   313.7   365.8   397.3   421.5   450.2   486.7   540.5   669.0  1221.3  5840.0  85246.0    85707
read      345.9   187.0   160.7   218.0   229.6   315.1   369.4   402.4   427.9   457.5   494.3   546.5   690.6  1623.9  7552.4  79552.3    79742
read      367.4   236.3   160.7   221.5   235.7   340.3   401.8   436.5   462.3   492.2   528.2   579.8   694.1  1041.6 10746.1  58651.0    58322
read      396.1   166.6   173.5   229.9   247.0   382.9   452.4   483.3   503.5   526.9   552.5   597.7   723.9  1098.7  7620.5  26200.7    26212
read      351.9   144.6   160.7   219.6   231.8   326.5   385.4   418.3   441.7   468.9   502.9   549.7   658.3  1088.7  5152.3  69243.3    69487
read      397.3   195.4   160.7   228.2   244.8   377.8   453.3   486.7   507.5   531.2   558.8   607.2   736.7  1639.9  7877.3  29562.7    29507
read      378.9   221.7   160.7   223.9   239.0   348.8   416.7   455.0   481.3   509.8   545.0   594.3   717.4  2087.7  9796.1  51354.3    51412
read      359.8   172.4   160.7   221.4   235.2   332.8   392.6   426.4   451.1   479.4   514.3   566.3   689.1  1282.7  7925.7  67081.0    67374
read      369.1   197.9   160.7   222.0   235.9   339.1   404.7   443.5   470.2   501.5   537.5   586.3   694.1  1604.9  7470.3  55302.0    55125
read      374.0   213.6   160.7   222.1   236.4   343.4   409.2   448.0   475.3   507.4   543.5   593.3   712.6  1758.3  8813.5  53003.7    53048
read      414.7   287.1   173.5   242.0   262.0   408.7   454.1   477.7   495.6   515.3   541.7   587.8   707.8  3666.9 10053.9  12072.0    12192
read      400.3   249.5   160.7   229.7   246.9   376.4   444.9   480.4   504.3   531.1   562.1   608.3   741.7  3353.7 12930.3  36338.7    36138
read      369.0   205.7   160.7   222.3   236.9   340.8   403.7   438.9   465.1   496.1   532.9   585.5   710.7  1201.2  8369.4  60773.0    60799
read      388.1   244.3   160.7   225.9   241.8   361.1   434.5   471.5   496.0   522.6   552.2   600.8   732.6  1705.2 13447.1  36478.0    36368
read      390.4   218.9   173.5   226.6   242.5   361.2   437.3   477.1   503.5   531.7   565.1   617.2   746.3  1312.5  9433.3  39807.3    39729
read      336.7   126.1   160.7   218.9   230.7   311.9   360.1   389.5   411.2   437.7   472.7   526.6   643.6  1142.3  3950.3  95398.7    95693
read      414.3   239.8   173.5   230.6   247.3   375.4   456.8   498.4   526.8   558.3   600.1   675.0   995.0  2584.5  9095.6  40878.3    40999
read      389.1   217.9   160.7   224.0   239.0   344.6   410.8   450.0   478.4   513.0   558.9   645.2  1101.0  2745.0  5905.9  65062.3    65037
read      430.1   378.2   173.5   242.7   263.7   416.4   463.5   488.7   505.8   528.7   555.7   607.9   796.8  6014.5 13553.0  12555.3    12633
read      378.5   169.4   160.7   225.0   240.5   351.4   417.9   455.7   482.5   512.2   546.8   593.7   716.7  1430.3  6971.0  50090.0    50117
read      362.1   200.9   160.7   221.6   235.2   332.2   392.9   429.2   456.7   488.5   526.3   578.6   697.7  1142.9  8194.4  63050.7    62765
read      418.0   301.9   173.5   242.6   263.4   409.8   454.7   477.6   495.9   516.7   545.6   591.5   710.0  3860.2 12097.7  12367.7    12379
read      383.0   277.8   160.7   224.8   240.6   354.0   420.1   457.0   482.5   510.9   542.8   589.9   724.1  2204.6  9903.1  49214.0    49369
read      386.5   188.2   160.7   225.8   241.8   359.1   431.6   469.7   495.3   522.4   551.6   597.3   730.0  1929.3  7120.1  39091.7    39111
read      369.5   165.4   160.7   222.6   237.6   343.9   407.4   444.0   469.3   499.0   532.7   580.4   689.6  1041.1  8023.7  52552.7    52692
read      402.2   243.9   173.5   230.5   247.4   389.2   456.9   486.5   505.3   528.3   554.0   599.1   717.6  1716.0  9994.0  24623.7    24539
read      361.4   175.9   160.7   220.9   234.4   333.7   394.2   429.4   455.4   485.2   521.5   573.1   692.9  1230.6  5962.2  61529.0    61591
read      378.8   172.6   173.5   225.5   240.9   350.2   421.2   460.1   486.5   515.1   547.0   593.3   713.0  1150.8  6883.0  47891.7    47864
read      425.2   236.1   160.7   241.7   262.0   422.5   475.3   501.0   519.6   541.4   571.5   620.0   760.6  1767.4 11522.9  16565.7    16479
read      350.6   168.7   160.7   220.8   233.7   322.1   377.5   411.3   436.0   465.4   502.3   555.0   673.1   976.5  8037.9  75040.3    75268
read      416.1   456.7   187.4   251.6   274.7   391.6   428.8   449.8   464.8   484.4   508.5   552.4   696.9  6895.0 19296.2   8601.0     8714
read      423.9   368.9   187.4   249.1   272.0   408.7   452.5   473.8   491.1   508.4   538.0   584.3   738.6  5611.0 15488.9  12966.0    13002
read      347.6   228.4   160.7   218.9   230.6   317.7   373.0   406.0   431.0   460.6   497.4   549.0   671.6  1397.4  8429.6  77026.7    77147
read      379.1   170.1   160.7   223.7   239.0   351.8   421.8   460.5   486.5   513.7   545.7   593.6   714.8  1638.8  5809.8  43164.3    43518
read      399.4   273.8   160.7   230.7   247.7   384.3   455.5   486.2   505.7   529.3   555.9   595.8   703.2  1176.7 11705.1  27156.0    27206
read      368.4   154.0   160.7   222.4   236.8   341.6   406.0   442.4   468.0   497.5   532.2   582.0   714.7  1208.7  4597.3  55754.0    55859
read      394.3   195.6   160.7   226.9   243.2   366.8   442.7   480.9   505.1   532.3   565.6   619.6   770.2  2206.4  7751.2  37390.7    37448
read      389.8   215.8   160.7   225.0   240.9   358.3   428.2   466.4   492.9   522.0   556.3   616.9   837.4  2404.4  7925.5  45146.3    45026
read      332.5   148.6   160.7   219.3   230.9   307.8   352.3   380.6   401.8   428.6   462.7   513.9   632.9  1108.1  5984.7  99969.0    99974
read      368.0   202.5   160.7   222.5   236.7   337.9   400.2   435.3   461.2   491.1   528.0   582.7   731.2  1794.8  9661.9  64826.7    64632
read      377.2   190.8   160.7   223.4   238.5   348.7   417.2   456.4   483.1   511.1   544.9   594.0   716.6  1326.9  7969.7  48953.7    49061
read      340.7   158.5   160.7   217.9   229.2   312.1   366.3   398.7   423.1   451.8   488.0   540.5   654.2  1097.8  5662.1  80565.0    80418
read      421.7   959.7   173.5   238.3   257.0   416.9   471.2   497.0   514.2   535.2   560.5   600.8   723.6  2251.5 10257.8  16607.7    16471
read      390.6   178.3   173.5   226.3   242.0   362.3   444.5   485.2   510.6   536.8   568.4   615.5   730.7  1008.2  7693.1  35799.7    35694
read      410.3   280.4   173.5   239.8   259.3   403.3   447.7   469.3   485.8   503.1   529.7   576.7   714.4  3933.8 10704.3  13827.7    13935
read      339.5   134.1   160.7   216.5   228.6   314.3   368.1   399.5   423.0   450.3   484.2   533.8   633.1   884.2  5477.1  79699.7    79838
read      367.8   190.3   160.7   221.9   235.8   340.3   406.6   443.7   469.2   497.7   529.7   574.0   681.0  1214.2  8401.2  48658.3    48842
read      403.1   207.5   160.7   233.8   251.3   400.4   452.2   476.2   494.5   514.2   541.0   584.0   711.8  2339.2  8073.7  17679.3    17708
read      392.6   189.4   160.7   226.8   243.1   371.2   447.0   481.5   503.8   528.2   555.5   600.7   711.4  1764.8  8264.5  31534.0    31401
read      362.8   191.8   160.7   221.6   235.7   334.2   395.0   430.5   456.6   486.3   521.4   572.2   692.9  1277.9  9028.2  62156.3    62091
read      336.5   145.1   160.7   217.2   228.4   309.9   360.6   391.6   414.5   441.4   475.5   527.8   636.9  1412.3  5297.6  87079.7    87121
read      343.2   150.4   160.7   219.2   231.0   315.9   369.0   401.0   425.4   453.7   488.9   539.8   657.5  1148.5  5690.4  81975.3    81929
read      392.9   214.5   173.5   227.8   243.7   362.1   437.9   477.3   503.9   533.0   567.6   619.8   749.6  2140.9  9655.1  41915.3    42013
read      333.5   152.2   160.7   216.9   228.4   307.3   355.4   385.0   406.7   433.6   468.7   522.3   637.2  1252.4  6204.9  90705.7    90709
read      354.5   175.0   160.7   220.4   233.1   325.9   384.0   419.3   445.5   475.4   511.8   561.6   671.8  1283.4  6926.0  67673.7    67578
read      368.3   202.5   173.5   222.7   237.0   335.8   399.5   438.2   466.5   499.2   536.6   587.3   712.7  1491.6  8003.0  57849.0    58116
read      361.0   178.9   160.7   220.9   234.4   330.6   391.5   427.1   453.4   484.0   522.0   577.6   721.0  1242.1  8009.8  68829.3    68886

Total QPS = 50302.2 (54326424 / 1080.0s)

Total connections = 64
Misses = 54326425 (100.0%)
Skipped TXs = 0 (0.0%)

RX  162979275 bytes :    0.1 MB/s
TX          0 bytes :    0.0 MB/s
Warning! Detected max cpu usage > 95%
CPU Usage Stats (avg/min/max): 99.95%,46.67%,100.00%